(kicad_pcb (version 20171130) (host pcbnew "(5.1.5)-3")

  (general
    (thickness 1.6)
    (drawings 70)
    (tracks 1783)
    (zones 0)
    (modules 203)
    (nets 166)
  )

  (page A4)
  (layers
    (0 F.Cu signal)
    (31 B.Cu signal)
    (32 B.Adhes user)
    (33 F.Adhes user)
    (34 B.Paste user)
    (35 F.Paste user)
    (36 B.SilkS user)
    (37 F.SilkS user)
    (38 B.Mask user)
    (39 F.Mask user)
    (40 Dwgs.User user)
    (41 Cmts.User user)
    (42 Eco1.User user)
    (43 Eco2.User user)
    (44 Edge.Cuts user)
    (45 Margin user)
    (46 B.CrtYd user)
    (47 F.CrtYd user)
    (48 B.Fab user)
    (49 F.Fab user)
  )

  (setup
    (last_trace_width 0.5)
    (user_trace_width 0.2)
    (user_trace_width 0.3)
    (user_trace_width 0.5)
    (user_trace_width 0.8)
    (trace_clearance 0.2)
    (zone_clearance 0.508)
    (zone_45_only no)
    (trace_min 0.2)
    (via_size 0.8)
    (via_drill 0.4)
    (via_min_size 0.4)
    (via_min_drill 0.3)
    (user_via 0.5 0.3)
    (user_via 1.5 0.75)
    (user_via 6 3)
    (uvia_size 0.3)
    (uvia_drill 0.1)
    (uvias_allowed no)
    (uvia_min_size 0.2)
    (uvia_min_drill 0.1)
    (edge_width 0.05)
    (segment_width 0.2)
    (pcb_text_width 0.3)
    (pcb_text_size 1.5 1.5)
    (mod_edge_width 0.12)
    (mod_text_size 1 1)
    (mod_text_width 0.15)
    (pad_size 1.524 1.524)
    (pad_drill 0.762)
    (pad_to_mask_clearance 0.051)
    (solder_mask_min_width 0.25)
    (aux_axis_origin 0 0)
    (visible_elements 7FFFFF7F)
    (pcbplotparams
      (layerselection 0x010f0_ffffffff)
      (usegerberextensions false)
      (usegerberattributes false)
      (usegerberadvancedattributes false)
      (creategerberjobfile false)
      (excludeedgelayer true)
      (linewidth 0.100000)
      (plotframeref false)
      (viasonmask false)
      (mode 1)
      (useauxorigin false)
      (hpglpennumber 1)
      (hpglpenspeed 20)
      (hpglpendiameter 15.000000)
      (psnegative false)
      (psa4output false)
      (plotreference true)
      (plotvalue true)
      (plotinvisibletext false)
      (padsonsilk false)
      (subtractmaskfromsilk false)
      (outputformat 1)
      (mirror false)
      (drillshape 0)
      (scaleselection 1)
      (outputdirectory "加工ファイル/"))
  )

  (net 0 "")
  (net 1 GND)
  (net 2 /OSC_IN)
  (net 3 /OSC_OUT)
  (net 4 +3V3)
  (net 5 "Net-(C4-Pad2)")
  (net 6 /FB_5V)
  (net 7 "Net-(C8-Pad1)")
  (net 8 "Net-(C8-Pad2)")
  (net 9 +12V)
  (net 10 "Net-(C15-Pad1)")
  (net 11 "Net-(C17-Pad1)")
  (net 12 +5V)
  (net 13 IO_Vdd)
  (net 14 /Drive_U_Temp)
  (net 15 /Drive_V_Temp)
  (net 16 /Drive_W_Temp)
  (net 17 /Subscribe_Temp)
  (net 18 "Net-(C36-Pad1)")
  (net 19 /OUT_U)
  (net 20 "Net-(C37-Pad1)")
  (net 21 GNDPWR)
  (net 22 /OUT_V)
  (net 23 "Net-(C38-Pad1)")
  (net 24 "Net-(C39-Pad1)")
  (net 25 /OUT_W)
  (net 26 "Net-(C40-Pad1)")
  (net 27 "Net-(C41-Pad1)")
  (net 28 "Net-(C43-Pad1)")
  (net 29 /FB_12P)
  (net 30 "Net-(C47-Pad2)")
  (net 31 "Net-(C47-Pad1)")
  (net 32 +Batt)
  (net 33 +BATT)
  (net 34 "Net-(D1-Pad2)")
  (net 35 "Net-(D5-Pad2)")
  (net 36 "Net-(D6-Pad2)")
  (net 37 "Net-(D7-Pad2)")
  (net 38 "Net-(D8-Pad2)")
  (net 39 "Net-(D9-Pad2)")
  (net 40 "Net-(D10-Pad2)")
  (net 41 "Net-(D11-Pad2)")
  (net 42 "Net-(D12-Pad2)")
  (net 43 "Net-(D13-Pad2)")
  (net 44 /SWCLK)
  (net 45 /SWDIO)
  (net 46 /~RST)
  (net 47 "Net-(J1-Pad6)")
  (net 48 /CAN_H)
  (net 49 /CAN_L)
  (net 50 "Net-(J4-Pad3)")
  (net 51 "Net-(J4-Pad4)")
  (net 52 /IO0_Pin)
  (net 53 /IO1_Pin)
  (net 54 /USARTX_RX)
  (net 55 /USARTX_TX)
  (net 56 "Net-(J8-Pad2)")
  (net 57 "Net-(JP2-Pad1)")
  (net 58 "Net-(Q1-PadG)")
  (net 59 "Net-(Q2-PadG)")
  (net 60 "Net-(Q3-PadG)")
  (net 61 "Net-(Q4-PadG)")
  (net 62 "Net-(Q5-PadG)")
  (net 63 "Net-(Q6-PadG)")
  (net 64 "Net-(R1-Pad1)")
  (net 65 /TIMx_CH1)
  (net 66 /TIMx_CH2)
  (net 67 /SW0)
  (net 68 /SW1)
  (net 69 /LED0)
  (net 70 /LED1)
  (net 71 "Net-(R15-Pad2)")
  (net 72 /Enable)
  (net 73 "Net-(R23-Pad1)")
  (net 74 "Net-(R24-Pad1)")
  (net 75 "Net-(R25-Pad1)")
  (net 76 /PWR_ON_Pin)
  (net 77 "Net-(R29-Pad1)")
  (net 78 "Net-(R32-Pad2)")
  (net 79 "Net-(R33-Pad2)")
  (net 80 "Net-(R34-Pad2)")
  (net 81 "Net-(R35-Pad2)")
  (net 82 "Net-(R36-Pad2)")
  (net 83 "Net-(R37-Pad2)")
  (net 84 "Net-(R38-Pad2)")
  (net 85 +12P)
  (net 86 /CAN1_TX)
  (net 87 /CAN1_RX)
  (net 88 "Net-(U3-Pad8)")
  (net 89 "Net-(U3-Pad24)")
  (net 90 /ADRESS_0)
  (net 91 /ADRESS_1)
  (net 92 /ADRESS_2)
  (net 93 /ADRESS_3)
  (net 94 "Net-(U7-Pad13)")
  (net 95 "Net-(U7-Pad12)")
  (net 96 "Net-(U7-Pad7)")
  (net 97 "Net-(U7-Pad2)")
  (net 98 /PWM_U)
  (net 99 /PWM_V)
  (net 100 "Net-(U8-Pad2)")
  (net 101 "Net-(U8-Pad7)")
  (net 102 "Net-(U8-Pad12)")
  (net 103 "Net-(U8-Pad13)")
  (net 104 /PWM_W)
  (net 105 "Net-(U9-Pad2)")
  (net 106 "Net-(U9-Pad7)")
  (net 107 "Net-(U9-Pad12)")
  (net 108 "Net-(U9-Pad13)")
  (net 109 "Net-(U10-Pad14)")
  (net 110 "Net-(C61-Pad1)")
  (net 111 "Net-(C62-Pad2)")
  (net 112 "Net-(C62-Pad1)")
  (net 113 "Net-(D17-Pad1)")
  (net 114 "Net-(D18-Pad1)")
  (net 115 /VALVE_0)
  (net 116 /VALVE_1)
  (net 117 /I2Cx_SCL)
  (net 118 /I2Cx_SDA)
  (net 119 "Net-(U20-Pad1)")
  (net 120 "Net-(D19-Pad2)")
  (net 121 "Net-(D20-Pad2)")
  (net 122 "Net-(D21-Pad2)")
  (net 123 "Net-(D22-Pad2)")
  (net 124 "Net-(D23-Pad2)")
  (net 125 "Net-(D24-Pad2)")
  (net 126 "Net-(D25-Pad2)")
  (net 127 "Net-(D26-Pad2)")
  (net 128 "Net-(D27-Pad2)")
  (net 129 /HALL_0)
  (net 130 /HALL_1)
  (net 131 /HALL_2)
  (net 132 "Net-(J15-Pad5)")
  (net 133 /SW_MODE)
  (net 134 "Net-(SW4-Pad1)")
  (net 135 "Net-(U3-Pad50)")
  (net 136 "Net-(J1-Pad2)")
  (net 137 /Current)
  (net 138 "Net-(C31-Pad1)")
  (net 139 "Net-(C32-Pad1)")
  (net 140 "Net-(C34-Pad1)")
  (net 141 +5VP)
  (net 142 "Net-(D28-Pad2)")
  (net 143 /SIGNAL_U)
  (net 144 /SIGNAL_V)
  (net 145 /SIGNAL_W)
  (net 146 /LOCATION_W_SIGNAL)
  (net 147 /LOCATION_V_SIGNAL)
  (net 148 /LOCATION_U_SIGNAL)
  (net 149 /INVERTER_OUT)
  (net 150 /LED2)
  (net 151 /ZERO_CROSS)
  (net 152 "Net-(U3-Pad33)")
  (net 153 "Net-(U3-Pad34)")
  (net 154 "Net-(U10-Pad12)")
  (net 155 "Net-(U10-Pad13)")
  (net 156 "Net-(ISO1-Pad2)")
  (net 157 "Net-(ISO1-Pad3)")
  (net 158 "Net-(ISO1-Pad4)")
  (net 159 "Net-(ISO1-Pad13)")
  (net 160 "Net-(ISO1-Pad14)")
  (net 161 "Net-(ISO1-Pad15)")
  (net 162 CAN_Vdd)
  (net 163 "Net-(U3-Pad37)")
  (net 164 "Net-(U3-Pad38)")
  (net 165 "Net-(U3-Pad39)")

  (net_class Default "これはデフォルトのネット クラスです。"
    (clearance 0.2)
    (trace_width 0.25)
    (via_dia 0.8)
    (via_drill 0.4)
    (uvia_dia 0.3)
    (uvia_drill 0.1)
    (add_net +12P)
    (add_net +12V)
    (add_net +3V3)
    (add_net +5V)
    (add_net +5VP)
    (add_net +BATT)
    (add_net +Batt)
    (add_net /ADRESS_0)
    (add_net /ADRESS_1)
    (add_net /ADRESS_2)
    (add_net /ADRESS_3)
    (add_net /CAN1_RX)
    (add_net /CAN1_TX)
    (add_net /CAN_H)
    (add_net /CAN_L)
    (add_net /Current)
    (add_net /Drive_U_Temp)
    (add_net /Drive_V_Temp)
    (add_net /Drive_W_Temp)
    (add_net /Enable)
    (add_net /FB_12P)
    (add_net /FB_5V)
    (add_net /HALL_0)
    (add_net /HALL_1)
    (add_net /HALL_2)
    (add_net /I2Cx_SCL)
    (add_net /I2Cx_SDA)
    (add_net /INVERTER_OUT)
    (add_net /IO0_Pin)
    (add_net /IO1_Pin)
    (add_net /LED0)
    (add_net /LED1)
    (add_net /LED2)
    (add_net /LOCATION_U_SIGNAL)
    (add_net /LOCATION_V_SIGNAL)
    (add_net /LOCATION_W_SIGNAL)
    (add_net /OSC_IN)
    (add_net /OSC_OUT)
    (add_net /OUT_U)
    (add_net /OUT_V)
    (add_net /OUT_W)
    (add_net /PWM_U)
    (add_net /PWM_V)
    (add_net /PWM_W)
    (add_net /PWR_ON_Pin)
    (add_net /SIGNAL_U)
    (add_net /SIGNAL_V)
    (add_net /SIGNAL_W)
    (add_net /SW0)
    (add_net /SW1)
    (add_net /SWCLK)
    (add_net /SWDIO)
    (add_net /SW_MODE)
    (add_net /Subscribe_Temp)
    (add_net /TIMx_CH1)
    (add_net /TIMx_CH2)
    (add_net /USARTX_RX)
    (add_net /USARTX_TX)
    (add_net /VALVE_0)
    (add_net /VALVE_1)
    (add_net /ZERO_CROSS)
    (add_net /~RST)
    (add_net CAN_Vdd)
    (add_net GND)
    (add_net GNDPWR)
    (add_net IO_Vdd)
    (add_net "Net-(C15-Pad1)")
    (add_net "Net-(C17-Pad1)")
    (add_net "Net-(C31-Pad1)")
    (add_net "Net-(C32-Pad1)")
    (add_net "Net-(C34-Pad1)")
    (add_net "Net-(C36-Pad1)")
    (add_net "Net-(C37-Pad1)")
    (add_net "Net-(C38-Pad1)")
    (add_net "Net-(C39-Pad1)")
    (add_net "Net-(C4-Pad2)")
    (add_net "Net-(C40-Pad1)")
    (add_net "Net-(C41-Pad1)")
    (add_net "Net-(C43-Pad1)")
    (add_net "Net-(C47-Pad1)")
    (add_net "Net-(C47-Pad2)")
    (add_net "Net-(C61-Pad1)")
    (add_net "Net-(C62-Pad1)")
    (add_net "Net-(C62-Pad2)")
    (add_net "Net-(C8-Pad1)")
    (add_net "Net-(C8-Pad2)")
    (add_net "Net-(D1-Pad2)")
    (add_net "Net-(D10-Pad2)")
    (add_net "Net-(D11-Pad2)")
    (add_net "Net-(D12-Pad2)")
    (add_net "Net-(D13-Pad2)")
    (add_net "Net-(D17-Pad1)")
    (add_net "Net-(D18-Pad1)")
    (add_net "Net-(D19-Pad2)")
    (add_net "Net-(D20-Pad2)")
    (add_net "Net-(D21-Pad2)")
    (add_net "Net-(D22-Pad2)")
    (add_net "Net-(D23-Pad2)")
    (add_net "Net-(D24-Pad2)")
    (add_net "Net-(D25-Pad2)")
    (add_net "Net-(D26-Pad2)")
    (add_net "Net-(D27-Pad2)")
    (add_net "Net-(D28-Pad2)")
    (add_net "Net-(D5-Pad2)")
    (add_net "Net-(D6-Pad2)")
    (add_net "Net-(D7-Pad2)")
    (add_net "Net-(D8-Pad2)")
    (add_net "Net-(D9-Pad2)")
    (add_net "Net-(ISO1-Pad13)")
    (add_net "Net-(ISO1-Pad14)")
    (add_net "Net-(ISO1-Pad15)")
    (add_net "Net-(ISO1-Pad2)")
    (add_net "Net-(ISO1-Pad3)")
    (add_net "Net-(ISO1-Pad4)")
    (add_net "Net-(J1-Pad2)")
    (add_net "Net-(J1-Pad6)")
    (add_net "Net-(J15-Pad5)")
    (add_net "Net-(J4-Pad3)")
    (add_net "Net-(J4-Pad4)")
    (add_net "Net-(J8-Pad2)")
    (add_net "Net-(JP2-Pad1)")
    (add_net "Net-(Q1-PadG)")
    (add_net "Net-(Q2-PadG)")
    (add_net "Net-(Q3-PadG)")
    (add_net "Net-(Q4-PadG)")
    (add_net "Net-(Q5-PadG)")
    (add_net "Net-(Q6-PadG)")
    (add_net "Net-(R1-Pad1)")
    (add_net "Net-(R15-Pad2)")
    (add_net "Net-(R23-Pad1)")
    (add_net "Net-(R24-Pad1)")
    (add_net "Net-(R25-Pad1)")
    (add_net "Net-(R29-Pad1)")
    (add_net "Net-(R32-Pad2)")
    (add_net "Net-(R33-Pad2)")
    (add_net "Net-(R34-Pad2)")
    (add_net "Net-(R35-Pad2)")
    (add_net "Net-(R36-Pad2)")
    (add_net "Net-(R37-Pad2)")
    (add_net "Net-(R38-Pad2)")
    (add_net "Net-(SW4-Pad1)")
    (add_net "Net-(U10-Pad12)")
    (add_net "Net-(U10-Pad13)")
    (add_net "Net-(U10-Pad14)")
    (add_net "Net-(U20-Pad1)")
    (add_net "Net-(U3-Pad24)")
    (add_net "Net-(U3-Pad33)")
    (add_net "Net-(U3-Pad34)")
    (add_net "Net-(U3-Pad37)")
    (add_net "Net-(U3-Pad38)")
    (add_net "Net-(U3-Pad39)")
    (add_net "Net-(U3-Pad50)")
    (add_net "Net-(U3-Pad8)")
    (add_net "Net-(U7-Pad12)")
    (add_net "Net-(U7-Pad13)")
    (add_net "Net-(U7-Pad2)")
    (add_net "Net-(U7-Pad7)")
    (add_net "Net-(U8-Pad12)")
    (add_net "Net-(U8-Pad13)")
    (add_net "Net-(U8-Pad2)")
    (add_net "Net-(U8-Pad7)")
    (add_net "Net-(U9-Pad12)")
    (add_net "Net-(U9-Pad13)")
    (add_net "Net-(U9-Pad2)")
    (add_net "Net-(U9-Pad7)")
  )

  (module Diode_SMD:D_SOD-123 (layer F.Cu) (tedit 58645DC7) (tstamp 5E67D9F5)
    (at 193.55 121.85)
    (descr SOD-123)
    (tags SOD-123)
    (path /5E4B3163)
    (attr smd)
    (fp_text reference D2 (at 0 -2) (layer F.SilkS) hide
      (effects (font (size 1 1) (thickness 0.15)))
    )
    (fp_text value DIODE (at 0 2.1) (layer F.Fab)
      (effects (font (size 1 1) (thickness 0.15)))
    )
    (fp_line (start -2.25 -1) (end 1.65 -1) (layer F.SilkS) (width 0.12))
    (fp_line (start -2.25 1) (end 1.65 1) (layer F.SilkS) (width 0.12))
    (fp_line (start -2.35 -1.15) (end -2.35 1.15) (layer F.CrtYd) (width 0.05))
    (fp_line (start 2.35 1.15) (end -2.35 1.15) (layer F.CrtYd) (width 0.05))
    (fp_line (start 2.35 -1.15) (end 2.35 1.15) (layer F.CrtYd) (width 0.05))
    (fp_line (start -2.35 -1.15) (end 2.35 -1.15) (layer F.CrtYd) (width 0.05))
    (fp_line (start -1.4 -0.9) (end 1.4 -0.9) (layer F.Fab) (width 0.1))
    (fp_line (start 1.4 -0.9) (end 1.4 0.9) (layer F.Fab) (width 0.1))
    (fp_line (start 1.4 0.9) (end -1.4 0.9) (layer F.Fab) (width 0.1))
    (fp_line (start -1.4 0.9) (end -1.4 -0.9) (layer F.Fab) (width 0.1))
    (fp_line (start -0.75 0) (end -0.35 0) (layer F.Fab) (width 0.1))
    (fp_line (start -0.35 0) (end -0.35 -0.55) (layer F.Fab) (width 0.1))
    (fp_line (start -0.35 0) (end -0.35 0.55) (layer F.Fab) (width 0.1))
    (fp_line (start -0.35 0) (end 0.25 -0.4) (layer F.Fab) (width 0.1))
    (fp_line (start 0.25 -0.4) (end 0.25 0.4) (layer F.Fab) (width 0.1))
    (fp_line (start 0.25 0.4) (end -0.35 0) (layer F.Fab) (width 0.1))
    (fp_line (start 0.25 0) (end 0.75 0) (layer F.Fab) (width 0.1))
    (fp_line (start -2.25 -1) (end -2.25 1) (layer F.SilkS) (width 0.12))
    (fp_text user %R (at 0 -2) (layer F.Fab)
      (effects (font (size 1 1) (thickness 0.15)))
    )
    (pad 2 smd rect (at 1.65 0) (size 0.9 1.2) (layers F.Cu F.Paste F.Mask)
      (net 1 GND))
    (pad 1 smd rect (at -1.65 0) (size 0.9 1.2) (layers F.Cu F.Paste F.Mask)
      (net 7 "Net-(C8-Pad1)"))
    (model ${KISYS3DMOD}/Diode_SMD.3dshapes/D_SOD-123.wrl
      (at (xyz 0 0 0))
      (scale (xyz 1 1 1))
      (rotate (xyz 0 0 0))
    )
  )

  (module Mizz_lib:HSOF-8-1 (layer B.Cu) (tedit 5DCA2DFD) (tstamp 5E4AC981)
    (at 186.25 81.2 180)
    (path /5E715A36)
    (fp_text reference Q2 (at 0 -0.5 180) (layer B.SilkS)
      (effects (font (size 1 1) (thickness 0.15)) (justify mirror))
    )
    (fp_text value MOSFET_N (at 0 0.5 180) (layer B.Fab)
      (effects (font (size 1 1) (thickness 0.15)) (justify mirror))
    )
    (fp_circle (center 0 0) (end 1.2 0) (layer B.SilkS) (width 0.1))
    (fp_line (start -5 5.3) (end 5 5.3) (layer B.SilkS) (width 0.1))
    (fp_line (start 4.7 5) (end 5 5.3) (layer B.SilkS) (width 0.1))
    (fp_line (start -4.7 5) (end 4.7 5) (layer B.SilkS) (width 0.1))
    (fp_line (start -5 5.3) (end -4.7 5) (layer B.SilkS) (width 0.1))
    (fp_line (start -5 -5.4) (end 5 -5.4) (layer B.SilkS) (width 0.1))
    (fp_line (start 5 -5.4) (end 4.7 -5.1) (layer B.SilkS) (width 0.1))
    (fp_line (start -4.7 -5.1) (end -5 -5.4) (layer B.SilkS) (width 0.1))
    (fp_line (start -4.7 -5.1) (end 4.7 -5.1) (layer B.SilkS) (width 0.1))
    (fp_line (start 5 -5.4) (end 5 5.3) (layer B.SilkS) (width 0.1))
    (fp_line (start -5 5.3) (end -5 -5.4) (layer B.SilkS) (width 0.1))
    (fp_line (start -4.7 -1.4) (end -5 -1.1) (layer B.SilkS) (width 0.1))
    (fp_line (start -4.7 -1.4) (end -4.7 -5.1) (layer B.SilkS) (width 0.1))
    (fp_line (start -4.7 2.6) (end -5 2.3) (layer B.SilkS) (width 0.1))
    (fp_line (start -4.7 2.6) (end -4.7 5) (layer B.SilkS) (width 0.1))
    (fp_line (start -4.4 2.6) (end -4.7 2.6) (layer B.SilkS) (width 0.1))
    (fp_line (start -4.4 -1.4) (end -4.4 2.6) (layer B.SilkS) (width 0.1))
    (fp_line (start -4.7 -1.4) (end -4.4 -1.4) (layer B.SilkS) (width 0.1))
    (fp_line (start -4.7 2.3) (end -5 2.3) (layer B.SilkS) (width 0.1))
    (fp_line (start -4.4 2.6) (end -4.7 2.3) (layer B.SilkS) (width 0.1))
    (fp_line (start -4.7 -1.1) (end -4.4 -1.4) (layer B.SilkS) (width 0.1))
    (fp_line (start -4.7 2.3) (end -4.7 -1.1) (layer B.SilkS) (width 0.1))
    (fp_line (start -4.7 -1.1) (end -5 -1.1) (layer B.SilkS) (width 0.1))
    (fp_line (start 4.7 2.6) (end 5 2.3) (layer B.SilkS) (width 0.1))
    (fp_line (start 4.7 2.6) (end 4.7 5) (layer B.SilkS) (width 0.1))
    (fp_line (start 4.7 -1.4) (end 5 -1.1) (layer B.SilkS) (width 0.1))
    (fp_line (start 4.7 -5.1) (end 4.7 -1.4) (layer B.SilkS) (width 0.1))
    (fp_line (start 4.4 2.6) (end 4.7 2.6) (layer B.SilkS) (width 0.1))
    (fp_line (start 4.4 -1.4) (end 4.4 2.6) (layer B.SilkS) (width 0.1))
    (fp_line (start 4.7 -1.4) (end 4.4 -1.4) (layer B.SilkS) (width 0.1))
    (fp_line (start 4.7 2.3) (end 5 2.3) (layer B.SilkS) (width 0.1))
    (fp_line (start 4.4 2.6) (end 4.7 2.3) (layer B.SilkS) (width 0.1))
    (fp_line (start 4.7 -1.1) (end 4.4 -1.4) (layer B.SilkS) (width 0.1))
    (fp_line (start 4.7 2.3) (end 4.7 -1.1) (layer B.SilkS) (width 0.1))
    (fp_line (start 4.7 -1.1) (end 5 -1.1) (layer B.SilkS) (width 0.1))
    (fp_line (start -4.6 -5.4) (end -4.6 -6) (layer B.SilkS) (width 0.1))
    (fp_line (start -3.8 -6) (end -4.6 -6) (layer B.SilkS) (width 0.1))
    (fp_line (start -3.8 -5.4) (end -3.8 -6) (layer B.SilkS) (width 0.1))
    (fp_line (start 1 -6) (end 1 -5.4) (layer B.SilkS) (width 0.1))
    (fp_line (start 0.2 -6) (end 1 -6) (layer B.SilkS) (width 0.1))
    (fp_line (start 0.2 -5.4) (end 0.2 -6) (layer B.SilkS) (width 0.1))
    (fp_line (start -1 -6) (end -1 -5.4) (layer B.SilkS) (width 0.1))
    (fp_line (start -0.2 -6) (end -1 -6) (layer B.SilkS) (width 0.1))
    (fp_line (start -0.2 -5.4) (end -0.2 -6) (layer B.SilkS) (width 0.1))
    (fp_line (start 2.2 -6) (end 2.2 -5.4) (layer B.SilkS) (width 0.1))
    (fp_line (start 1.4 -6) (end 2.2 -6) (layer B.SilkS) (width 0.1))
    (fp_line (start 1.4 -5.4) (end 1.4 -6) (layer B.SilkS) (width 0.1))
    (fp_line (start 3.4 -6) (end 3.4 -5.4) (layer B.SilkS) (width 0.1))
    (fp_line (start 2.6 -6) (end 3.4 -6) (layer B.SilkS) (width 0.1))
    (fp_line (start 2.6 -5.4) (end 2.6 -6) (layer B.SilkS) (width 0.1))
    (fp_line (start 4.6 -6) (end 4.6 -5.4) (layer B.SilkS) (width 0.1))
    (fp_line (start 3.8 -6) (end 4.6 -6) (layer B.SilkS) (width 0.1))
    (fp_line (start 3.8 -5.4) (end 3.8 -6) (layer B.SilkS) (width 0.1))
    (fp_line (start -2.2 -6) (end -2.2 -5.4) (layer B.SilkS) (width 0.1))
    (fp_line (start -1.4 -6) (end -2.2 -6) (layer B.SilkS) (width 0.1))
    (fp_line (start -1.4 -5.4) (end -1.4 -6) (layer B.SilkS) (width 0.1))
    (fp_line (start -3.4 -6) (end -3.4 -5.4) (layer B.SilkS) (width 0.1))
    (fp_line (start -2.6 -6) (end -3.4 -6) (layer B.SilkS) (width 0.1))
    (fp_line (start -2.6 -5.4) (end -2.6 -6) (layer B.SilkS) (width 0.1))
    (fp_line (start -5 6) (end -5 5.3) (layer B.SilkS) (width 0.1))
    (fp_line (start 5 6) (end 5 5.3) (layer B.SilkS) (width 0.1))
    (fp_line (start 0.6 6) (end 0.6 5.8) (layer B.SilkS) (width 0.1))
    (fp_line (start 4 6) (end 4 5.8) (layer B.SilkS) (width 0.1))
    (fp_line (start 4 5.8) (end 0.6 5.8) (layer B.SilkS) (width 0.1))
    (fp_line (start -4 5.8) (end -4 6) (layer B.SilkS) (width 0.1))
    (fp_line (start -0.6 5.8) (end -4 5.8) (layer B.SilkS) (width 0.1))
    (fp_line (start -0.6 6) (end -0.6 5.8) (layer B.SilkS) (width 0.1))
    (fp_line (start -4 6) (end -5 6) (layer B.SilkS) (width 0.1))
    (fp_line (start -0.6 6) (end 0.6 6) (layer B.SilkS) (width 0.1))
    (fp_line (start 4 6) (end 5 6) (layer B.SilkS) (width 0.1))
    (pad S smd rect (at 0.6 -5 180) (size 8 3) (layers B.Cu B.Paste B.Mask)
      (net 149 /INVERTER_OUT))
    (pad G smd rect (at -4.2 -5 180) (size 0.8 3) (layers B.Cu B.Paste B.Mask)
      (net 59 "Net-(Q2-PadG)"))
    (pad D smd rect (at 0 2.5 180) (size 10 8) (layers B.Cu B.Paste B.Mask)
      (net 19 /OUT_U))
    (model ${KISYS3DMOD}/Package_TO_SOT_SMD.3dshapes/Infineon_PG-HSOF-8-1.step
      (at (xyz 0 0 0))
      (scale (xyz 1 1 1))
      (rotate (xyz 0 0 -90))
    )
  )

  (module Capacitor_SMD:C_0603_1608Metric (layer F.Cu) (tedit 5B301BBE) (tstamp 5E6B1CFD)
    (at 202.761306 110.106847 225)
    (descr "Capacitor SMD 0603 (1608 Metric), square (rectangular) end terminal, IPC_7351 nominal, (Body size source: http://www.tortai-tech.com/upload/download/2011102023233369053.pdf), generated with kicad-footprint-generator")
    (tags capacitor)
    (path /5E42F98B)
    (attr smd)
    (fp_text reference C1 (at 0 -1.43 45) (layer F.SilkS) hide
      (effects (font (size 1 1) (thickness 0.15)))
    )
    (fp_text value 22p (at 0.003153 1.391694 45) (layer F.SilkS)
      (effects (font (size 0.8 0.8) (thickness 0.15)))
    )
    (fp_text user %R (at 0 0 45) (layer F.Fab)
      (effects (font (size 0.4 0.4) (thickness 0.06)))
    )
    (fp_line (start 1.48 0.73) (end -1.48 0.73) (layer F.CrtYd) (width 0.05))
    (fp_line (start 1.48 -0.73) (end 1.48 0.73) (layer F.CrtYd) (width 0.05))
    (fp_line (start -1.48 -0.73) (end 1.48 -0.73) (layer F.CrtYd) (width 0.05))
    (fp_line (start -1.48 0.73) (end -1.48 -0.73) (layer F.CrtYd) (width 0.05))
    (fp_line (start -0.162779 0.51) (end 0.162779 0.51) (layer F.SilkS) (width 0.12))
    (fp_line (start -0.162779 -0.51) (end 0.162779 -0.51) (layer F.SilkS) (width 0.12))
    (fp_line (start 0.8 0.4) (end -0.8 0.4) (layer F.Fab) (width 0.1))
    (fp_line (start 0.8 -0.4) (end 0.8 0.4) (layer F.Fab) (width 0.1))
    (fp_line (start -0.8 -0.4) (end 0.8 -0.4) (layer F.Fab) (width 0.1))
    (fp_line (start -0.8 0.4) (end -0.8 -0.4) (layer F.Fab) (width 0.1))
    (pad 2 smd roundrect (at 0.7875 0 225) (size 0.875 0.95) (layers F.Cu F.Paste F.Mask) (roundrect_rratio 0.25)
      (net 1 GND))
    (pad 1 smd roundrect (at -0.7875 0 225) (size 0.875 0.95) (layers F.Cu F.Paste F.Mask) (roundrect_rratio 0.25)
      (net 2 /OSC_IN))
    (model ${KISYS3DMOD}/Capacitor_SMD.3dshapes/C_0603_1608Metric.wrl
      (at (xyz 0 0 0))
      (scale (xyz 1 1 1))
      (rotate (xyz 0 0 0))
    )
  )

  (module Capacitor_SMD:C_0603_1608Metric (layer F.Cu) (tedit 5B301BBE) (tstamp 5E6B1CCD)
    (at 200.963694 111.911306 45)
    (descr "Capacitor SMD 0603 (1608 Metric), square (rectangular) end terminal, IPC_7351 nominal, (Body size source: http://www.tortai-tech.com/upload/download/2011102023233369053.pdf), generated with kicad-footprint-generator")
    (tags capacitor)
    (path /5E42F6F3)
    (attr smd)
    (fp_text reference C2 (at 0 -1.43 45) (layer F.SilkS) hide
      (effects (font (size 1 1) (thickness 0.15)))
    )
    (fp_text value 22p (at -0.001689 -1.396536 45) (layer F.SilkS)
      (effects (font (size 0.8 0.8) (thickness 0.15)))
    )
    (fp_line (start -0.8 0.4) (end -0.8 -0.4) (layer F.Fab) (width 0.1))
    (fp_line (start -0.8 -0.4) (end 0.8 -0.4) (layer F.Fab) (width 0.1))
    (fp_line (start 0.8 -0.4) (end 0.8 0.4) (layer F.Fab) (width 0.1))
    (fp_line (start 0.8 0.4) (end -0.8 0.4) (layer F.Fab) (width 0.1))
    (fp_line (start -0.162779 -0.51) (end 0.162779 -0.51) (layer F.SilkS) (width 0.12))
    (fp_line (start -0.162779 0.51) (end 0.162779 0.51) (layer F.SilkS) (width 0.12))
    (fp_line (start -1.48 0.73) (end -1.48 -0.73) (layer F.CrtYd) (width 0.05))
    (fp_line (start -1.48 -0.73) (end 1.48 -0.73) (layer F.CrtYd) (width 0.05))
    (fp_line (start 1.48 -0.73) (end 1.48 0.73) (layer F.CrtYd) (width 0.05))
    (fp_line (start 1.48 0.73) (end -1.48 0.73) (layer F.CrtYd) (width 0.05))
    (fp_text user %R (at 0 0 45) (layer F.Fab)
      (effects (font (size 0.4 0.4) (thickness 0.06)))
    )
    (pad 1 smd roundrect (at -0.7875 0 45) (size 0.875 0.95) (layers F.Cu F.Paste F.Mask) (roundrect_rratio 0.25)
      (net 3 /OSC_OUT))
    (pad 2 smd roundrect (at 0.7875 0 45) (size 0.875 0.95) (layers F.Cu F.Paste F.Mask) (roundrect_rratio 0.25)
      (net 1 GND))
    (model ${KISYS3DMOD}/Capacitor_SMD.3dshapes/C_0603_1608Metric.wrl
      (at (xyz 0 0 0))
      (scale (xyz 1 1 1))
      (rotate (xyz 0 0 0))
    )
  )

  (module Capacitor_SMD:C_0603_1608Metric (layer B.Cu) (tedit 5B301BBE) (tstamp 5E4AC12E)
    (at 193.6 112.95 90)
    (descr "Capacitor SMD 0603 (1608 Metric), square (rectangular) end terminal, IPC_7351 nominal, (Body size source: http://www.tortai-tech.com/upload/download/2011102023233369053.pdf), generated with kicad-footprint-generator")
    (tags capacitor)
    (path /5E513F0A)
    (attr smd)
    (fp_text reference C3 (at 0 1.43 90) (layer B.SilkS) hide
      (effects (font (size 1 1) (thickness 0.15)) (justify mirror))
    )
    (fp_text value 0.1u (at 0 1.2 90) (layer B.SilkS)
      (effects (font (size 0.8 0.8) (thickness 0.15)) (justify mirror))
    )
    (fp_line (start -0.8 -0.4) (end -0.8 0.4) (layer B.Fab) (width 0.1))
    (fp_line (start -0.8 0.4) (end 0.8 0.4) (layer B.Fab) (width 0.1))
    (fp_line (start 0.8 0.4) (end 0.8 -0.4) (layer B.Fab) (width 0.1))
    (fp_line (start 0.8 -0.4) (end -0.8 -0.4) (layer B.Fab) (width 0.1))
    (fp_line (start -0.162779 0.51) (end 0.162779 0.51) (layer B.SilkS) (width 0.12))
    (fp_line (start -0.162779 -0.51) (end 0.162779 -0.51) (layer B.SilkS) (width 0.12))
    (fp_line (start -1.48 -0.73) (end -1.48 0.73) (layer B.CrtYd) (width 0.05))
    (fp_line (start -1.48 0.73) (end 1.48 0.73) (layer B.CrtYd) (width 0.05))
    (fp_line (start 1.48 0.73) (end 1.48 -0.73) (layer B.CrtYd) (width 0.05))
    (fp_line (start 1.48 -0.73) (end -1.48 -0.73) (layer B.CrtYd) (width 0.05))
    (fp_text user %R (at 0 0 90) (layer B.Fab)
      (effects (font (size 0.4 0.4) (thickness 0.06)) (justify mirror))
    )
    (pad 1 smd roundrect (at -0.7875 0 90) (size 0.875 0.95) (layers B.Cu B.Paste B.Mask) (roundrect_rratio 0.25)
      (net 4 +3V3))
    (pad 2 smd roundrect (at 0.7875 0 90) (size 0.875 0.95) (layers B.Cu B.Paste B.Mask) (roundrect_rratio 0.25)
      (net 1 GND))
    (model ${KISYS3DMOD}/Capacitor_SMD.3dshapes/C_0603_1608Metric.wrl
      (at (xyz 0 0 0))
      (scale (xyz 1 1 1))
      (rotate (xyz 0 0 0))
    )
  )

  (module Capacitor_SMD:C_0603_1608Metric (layer B.Cu) (tedit 5B301BBE) (tstamp 5E4AC13F)
    (at 198.5 124.35 270)
    (descr "Capacitor SMD 0603 (1608 Metric), square (rectangular) end terminal, IPC_7351 nominal, (Body size source: http://www.tortai-tech.com/upload/download/2011102023233369053.pdf), generated with kicad-footprint-generator")
    (tags capacitor)
    (path /5E5A9032)
    (attr smd)
    (fp_text reference C4 (at 0 1.43 90) (layer B.SilkS) hide
      (effects (font (size 1 1) (thickness 0.15)) (justify mirror))
    )
    (fp_text value 0.1u (at -2.7 0 90) (layer B.SilkS)
      (effects (font (size 0.8 0.8) (thickness 0.15)) (justify mirror))
    )
    (fp_text user %R (at 0 0 90) (layer B.Fab)
      (effects (font (size 0.4 0.4) (thickness 0.06)) (justify mirror))
    )
    (fp_line (start 1.48 -0.73) (end -1.48 -0.73) (layer B.CrtYd) (width 0.05))
    (fp_line (start 1.48 0.73) (end 1.48 -0.73) (layer B.CrtYd) (width 0.05))
    (fp_line (start -1.48 0.73) (end 1.48 0.73) (layer B.CrtYd) (width 0.05))
    (fp_line (start -1.48 -0.73) (end -1.48 0.73) (layer B.CrtYd) (width 0.05))
    (fp_line (start -0.162779 -0.51) (end 0.162779 -0.51) (layer B.SilkS) (width 0.12))
    (fp_line (start -0.162779 0.51) (end 0.162779 0.51) (layer B.SilkS) (width 0.12))
    (fp_line (start 0.8 -0.4) (end -0.8 -0.4) (layer B.Fab) (width 0.1))
    (fp_line (start 0.8 0.4) (end 0.8 -0.4) (layer B.Fab) (width 0.1))
    (fp_line (start -0.8 0.4) (end 0.8 0.4) (layer B.Fab) (width 0.1))
    (fp_line (start -0.8 -0.4) (end -0.8 0.4) (layer B.Fab) (width 0.1))
    (pad 2 smd roundrect (at 0.7875 0 270) (size 0.875 0.95) (layers B.Cu B.Paste B.Mask) (roundrect_rratio 0.25)
      (net 5 "Net-(C4-Pad2)"))
    (pad 1 smd roundrect (at -0.7875 0 270) (size 0.875 0.95) (layers B.Cu B.Paste B.Mask) (roundrect_rratio 0.25)
      (net 6 /FB_5V))
    (model ${KISYS3DMOD}/Capacitor_SMD.3dshapes/C_0603_1608Metric.wrl
      (at (xyz 0 0 0))
      (scale (xyz 1 1 1))
      (rotate (xyz 0 0 0))
    )
  )

  (module Capacitor_SMD:C_0603_1608Metric (layer B.Cu) (tedit 5B301BBE) (tstamp 5E4AC183)
    (at 193.75 121.8)
    (descr "Capacitor SMD 0603 (1608 Metric), square (rectangular) end terminal, IPC_7351 nominal, (Body size source: http://www.tortai-tech.com/upload/download/2011102023233369053.pdf), generated with kicad-footprint-generator")
    (tags capacitor)
    (path /5E4C0517)
    (attr smd)
    (fp_text reference C8 (at 0 1.43) (layer B.SilkS) hide
      (effects (font (size 1 1) (thickness 0.15)) (justify mirror))
    )
    (fp_text value 0.1u (at -0.8 -1.15) (layer B.SilkS)
      (effects (font (size 0.8 0.8) (thickness 0.15)) (justify mirror))
    )
    (fp_line (start -0.8 -0.4) (end -0.8 0.4) (layer B.Fab) (width 0.1))
    (fp_line (start -0.8 0.4) (end 0.8 0.4) (layer B.Fab) (width 0.1))
    (fp_line (start 0.8 0.4) (end 0.8 -0.4) (layer B.Fab) (width 0.1))
    (fp_line (start 0.8 -0.4) (end -0.8 -0.4) (layer B.Fab) (width 0.1))
    (fp_line (start -0.162779 0.51) (end 0.162779 0.51) (layer B.SilkS) (width 0.12))
    (fp_line (start -0.162779 -0.51) (end 0.162779 -0.51) (layer B.SilkS) (width 0.12))
    (fp_line (start -1.48 -0.73) (end -1.48 0.73) (layer B.CrtYd) (width 0.05))
    (fp_line (start -1.48 0.73) (end 1.48 0.73) (layer B.CrtYd) (width 0.05))
    (fp_line (start 1.48 0.73) (end 1.48 -0.73) (layer B.CrtYd) (width 0.05))
    (fp_line (start 1.48 -0.73) (end -1.48 -0.73) (layer B.CrtYd) (width 0.05))
    (fp_text user %R (at 0 0) (layer B.Fab)
      (effects (font (size 0.4 0.4) (thickness 0.06)) (justify mirror))
    )
    (pad 1 smd roundrect (at -0.7875 0) (size 0.875 0.95) (layers B.Cu B.Paste B.Mask) (roundrect_rratio 0.25)
      (net 7 "Net-(C8-Pad1)"))
    (pad 2 smd roundrect (at 0.7875 0) (size 0.875 0.95) (layers B.Cu B.Paste B.Mask) (roundrect_rratio 0.25)
      (net 8 "Net-(C8-Pad2)"))
    (model ${KISYS3DMOD}/Capacitor_SMD.3dshapes/C_0603_1608Metric.wrl
      (at (xyz 0 0 0))
      (scale (xyz 1 1 1))
      (rotate (xyz 0 0 0))
    )
  )

  (module Capacitor_SMD:C_0603_1608Metric (layer B.Cu) (tedit 5B301BBE) (tstamp 5E4AC194)
    (at 180.6 116.85 90)
    (descr "Capacitor SMD 0603 (1608 Metric), square (rectangular) end terminal, IPC_7351 nominal, (Body size source: http://www.tortai-tech.com/upload/download/2011102023233369053.pdf), generated with kicad-footprint-generator")
    (tags capacitor)
    (path /5E525C81)
    (attr smd)
    (fp_text reference C9 (at 0 1.43 90) (layer B.SilkS) hide
      (effects (font (size 1 1) (thickness 0.15)) (justify mirror))
    )
    (fp_text value 0.1u (at 0 -1.43 90) (layer B.SilkS)
      (effects (font (size 0.8 0.8) (thickness 0.15)) (justify mirror))
    )
    (fp_text user %R (at 0 0 90) (layer B.Fab)
      (effects (font (size 0.4 0.4) (thickness 0.06)) (justify mirror))
    )
    (fp_line (start 1.48 -0.73) (end -1.48 -0.73) (layer B.CrtYd) (width 0.05))
    (fp_line (start 1.48 0.73) (end 1.48 -0.73) (layer B.CrtYd) (width 0.05))
    (fp_line (start -1.48 0.73) (end 1.48 0.73) (layer B.CrtYd) (width 0.05))
    (fp_line (start -1.48 -0.73) (end -1.48 0.73) (layer B.CrtYd) (width 0.05))
    (fp_line (start -0.162779 -0.51) (end 0.162779 -0.51) (layer B.SilkS) (width 0.12))
    (fp_line (start -0.162779 0.51) (end 0.162779 0.51) (layer B.SilkS) (width 0.12))
    (fp_line (start 0.8 -0.4) (end -0.8 -0.4) (layer B.Fab) (width 0.1))
    (fp_line (start 0.8 0.4) (end 0.8 -0.4) (layer B.Fab) (width 0.1))
    (fp_line (start -0.8 0.4) (end 0.8 0.4) (layer B.Fab) (width 0.1))
    (fp_line (start -0.8 -0.4) (end -0.8 0.4) (layer B.Fab) (width 0.1))
    (pad 2 smd roundrect (at 0.7875 0 90) (size 0.875 0.95) (layers B.Cu B.Paste B.Mask) (roundrect_rratio 0.25)
      (net 1 GND))
    (pad 1 smd roundrect (at -0.7875 0 90) (size 0.875 0.95) (layers B.Cu B.Paste B.Mask) (roundrect_rratio 0.25)
      (net 162 CAN_Vdd))
    (model ${KISYS3DMOD}/Capacitor_SMD.3dshapes/C_0603_1608Metric.wrl
      (at (xyz 0 0 0))
      (scale (xyz 1 1 1))
      (rotate (xyz 0 0 0))
    )
  )

  (module Capacitor_SMD:C_0603_1608Metric (layer B.Cu) (tedit 5B301BBE) (tstamp 5E4AC1A5)
    (at 184.9 130.95 270)
    (descr "Capacitor SMD 0603 (1608 Metric), square (rectangular) end terminal, IPC_7351 nominal, (Body size source: http://www.tortai-tech.com/upload/download/2011102023233369053.pdf), generated with kicad-footprint-generator")
    (tags capacitor)
    (path /5E52FF33)
    (attr smd)
    (fp_text reference C10 (at 0 1.43 90) (layer B.SilkS) hide
      (effects (font (size 1 1) (thickness 0.15)) (justify mirror))
    )
    (fp_text value 0.1u (at 2.975 0 90) (layer B.SilkS)
      (effects (font (size 1 1) (thickness 0.15)) (justify mirror))
    )
    (fp_line (start -0.8 -0.4) (end -0.8 0.4) (layer B.Fab) (width 0.1))
    (fp_line (start -0.8 0.4) (end 0.8 0.4) (layer B.Fab) (width 0.1))
    (fp_line (start 0.8 0.4) (end 0.8 -0.4) (layer B.Fab) (width 0.1))
    (fp_line (start 0.8 -0.4) (end -0.8 -0.4) (layer B.Fab) (width 0.1))
    (fp_line (start -0.162779 0.51) (end 0.162779 0.51) (layer B.SilkS) (width 0.12))
    (fp_line (start -0.162779 -0.51) (end 0.162779 -0.51) (layer B.SilkS) (width 0.12))
    (fp_line (start -1.48 -0.73) (end -1.48 0.73) (layer B.CrtYd) (width 0.05))
    (fp_line (start -1.48 0.73) (end 1.48 0.73) (layer B.CrtYd) (width 0.05))
    (fp_line (start 1.48 0.73) (end 1.48 -0.73) (layer B.CrtYd) (width 0.05))
    (fp_line (start 1.48 -0.73) (end -1.48 -0.73) (layer B.CrtYd) (width 0.05))
    (fp_text user %R (at 0 0 90) (layer B.Fab)
      (effects (font (size 0.4 0.4) (thickness 0.06)) (justify mirror))
    )
    (pad 1 smd roundrect (at -0.7875 0 270) (size 0.875 0.95) (layers B.Cu B.Paste B.Mask) (roundrect_rratio 0.25)
      (net 162 CAN_Vdd))
    (pad 2 smd roundrect (at 0.7875 0 270) (size 0.875 0.95) (layers B.Cu B.Paste B.Mask) (roundrect_rratio 0.25)
      (net 1 GND))
    (model ${KISYS3DMOD}/Capacitor_SMD.3dshapes/C_0603_1608Metric.wrl
      (at (xyz 0 0 0))
      (scale (xyz 1 1 1))
      (rotate (xyz 0 0 0))
    )
  )

  (module Capacitor_SMD:C_0805_2012Metric (layer B.Cu) (tedit 5B36C52B) (tstamp 5E4AC1C7)
    (at 191 124.3 90)
    (descr "Capacitor SMD 0805 (2012 Metric), square (rectangular) end terminal, IPC_7351 nominal, (Body size source: https://docs.google.com/spreadsheets/d/1BsfQQcO9C6DZCsRaXUlFlo91Tg2WpOkGARC1WS5S8t0/edit?usp=sharing), generated with kicad-footprint-generator")
    (tags capacitor)
    (path /5E4B45DD)
    (attr smd)
    (fp_text reference C12 (at 0 1.65 90) (layer B.SilkS) hide
      (effects (font (size 1 1) (thickness 0.15)) (justify mirror))
    )
    (fp_text value 4.7u (at 2.85 0 90) (layer B.SilkS)
      (effects (font (size 0.8 0.8) (thickness 0.15)) (justify mirror))
    )
    (fp_text user %R (at 0 0 90) (layer B.Fab)
      (effects (font (size 0.5 0.5) (thickness 0.08)) (justify mirror))
    )
    (fp_line (start 1.68 -0.95) (end -1.68 -0.95) (layer B.CrtYd) (width 0.05))
    (fp_line (start 1.68 0.95) (end 1.68 -0.95) (layer B.CrtYd) (width 0.05))
    (fp_line (start -1.68 0.95) (end 1.68 0.95) (layer B.CrtYd) (width 0.05))
    (fp_line (start -1.68 -0.95) (end -1.68 0.95) (layer B.CrtYd) (width 0.05))
    (fp_line (start -0.258578 -0.71) (end 0.258578 -0.71) (layer B.SilkS) (width 0.12))
    (fp_line (start -0.258578 0.71) (end 0.258578 0.71) (layer B.SilkS) (width 0.12))
    (fp_line (start 1 -0.6) (end -1 -0.6) (layer B.Fab) (width 0.1))
    (fp_line (start 1 0.6) (end 1 -0.6) (layer B.Fab) (width 0.1))
    (fp_line (start -1 0.6) (end 1 0.6) (layer B.Fab) (width 0.1))
    (fp_line (start -1 -0.6) (end -1 0.6) (layer B.Fab) (width 0.1))
    (pad 2 smd roundrect (at 0.9375 0 90) (size 0.975 1.4) (layers B.Cu B.Paste B.Mask) (roundrect_rratio 0.25)
      (net 1 GND))
    (pad 1 smd roundrect (at -0.9375 0 90) (size 0.975 1.4) (layers B.Cu B.Paste B.Mask) (roundrect_rratio 0.25)
      (net 9 +12V))
    (model ${KISYS3DMOD}/Capacitor_SMD.3dshapes/C_0805_2012Metric.wrl
      (at (xyz 0 0 0))
      (scale (xyz 1 1 1))
      (rotate (xyz 0 0 0))
    )
  )

  (module Capacitor_THT:CP_Radial_D5.0mm_P2.50mm (layer F.Cu) (tedit 5AE50EF0) (tstamp 5E5E6D8B)
    (at 189.15 125.25 90)
    (descr "CP, Radial series, Radial, pin pitch=2.50mm, , diameter=5mm, Electrolytic Capacitor")
    (tags "CP Radial series Radial pin pitch 2.50mm  diameter 5mm Electrolytic Capacitor")
    (path /5E4B412F)
    (fp_text reference C14 (at 1.25 -3.75 90) (layer F.SilkS) hide
      (effects (font (size 1 1) (thickness 0.15)))
    )
    (fp_text value 100u (at 2.8 -3.25 270) (layer F.SilkS)
      (effects (font (size 0.8 0.8) (thickness 0.15)))
    )
    (fp_circle (center 1.25 0) (end 3.75 0) (layer F.Fab) (width 0.1))
    (fp_circle (center 1.25 0) (end 3.87 0) (layer F.SilkS) (width 0.12))
    (fp_circle (center 1.25 0) (end 4 0) (layer F.CrtYd) (width 0.05))
    (fp_line (start -0.883605 -1.0875) (end -0.383605 -1.0875) (layer F.Fab) (width 0.1))
    (fp_line (start -0.633605 -1.3375) (end -0.633605 -0.8375) (layer F.Fab) (width 0.1))
    (fp_line (start 1.25 -2.58) (end 1.25 2.58) (layer F.SilkS) (width 0.12))
    (fp_line (start 1.29 -2.58) (end 1.29 2.58) (layer F.SilkS) (width 0.12))
    (fp_line (start 1.33 -2.579) (end 1.33 2.579) (layer F.SilkS) (width 0.12))
    (fp_line (start 1.37 -2.578) (end 1.37 2.578) (layer F.SilkS) (width 0.12))
    (fp_line (start 1.41 -2.576) (end 1.41 2.576) (layer F.SilkS) (width 0.12))
    (fp_line (start 1.45 -2.573) (end 1.45 2.573) (layer F.SilkS) (width 0.12))
    (fp_line (start 1.49 -2.569) (end 1.49 -1.04) (layer F.SilkS) (width 0.12))
    (fp_line (start 1.49 1.04) (end 1.49 2.569) (layer F.SilkS) (width 0.12))
    (fp_line (start 1.53 -2.565) (end 1.53 -1.04) (layer F.SilkS) (width 0.12))
    (fp_line (start 1.53 1.04) (end 1.53 2.565) (layer F.SilkS) (width 0.12))
    (fp_line (start 1.57 -2.561) (end 1.57 -1.04) (layer F.SilkS) (width 0.12))
    (fp_line (start 1.57 1.04) (end 1.57 2.561) (layer F.SilkS) (width 0.12))
    (fp_line (start 1.61 -2.556) (end 1.61 -1.04) (layer F.SilkS) (width 0.12))
    (fp_line (start 1.61 1.04) (end 1.61 2.556) (layer F.SilkS) (width 0.12))
    (fp_line (start 1.65 -2.55) (end 1.65 -1.04) (layer F.SilkS) (width 0.12))
    (fp_line (start 1.65 1.04) (end 1.65 2.55) (layer F.SilkS) (width 0.12))
    (fp_line (start 1.69 -2.543) (end 1.69 -1.04) (layer F.SilkS) (width 0.12))
    (fp_line (start 1.69 1.04) (end 1.69 2.543) (layer F.SilkS) (width 0.12))
    (fp_line (start 1.73 -2.536) (end 1.73 -1.04) (layer F.SilkS) (width 0.12))
    (fp_line (start 1.73 1.04) (end 1.73 2.536) (layer F.SilkS) (width 0.12))
    (fp_line (start 1.77 -2.528) (end 1.77 -1.04) (layer F.SilkS) (width 0.12))
    (fp_line (start 1.77 1.04) (end 1.77 2.528) (layer F.SilkS) (width 0.12))
    (fp_line (start 1.81 -2.52) (end 1.81 -1.04) (layer F.SilkS) (width 0.12))
    (fp_line (start 1.81 1.04) (end 1.81 2.52) (layer F.SilkS) (width 0.12))
    (fp_line (start 1.85 -2.511) (end 1.85 -1.04) (layer F.SilkS) (width 0.12))
    (fp_line (start 1.85 1.04) (end 1.85 2.511) (layer F.SilkS) (width 0.12))
    (fp_line (start 1.89 -2.501) (end 1.89 -1.04) (layer F.SilkS) (width 0.12))
    (fp_line (start 1.89 1.04) (end 1.89 2.501) (layer F.SilkS) (width 0.12))
    (fp_line (start 1.93 -2.491) (end 1.93 -1.04) (layer F.SilkS) (width 0.12))
    (fp_line (start 1.93 1.04) (end 1.93 2.491) (layer F.SilkS) (width 0.12))
    (fp_line (start 1.971 -2.48) (end 1.971 -1.04) (layer F.SilkS) (width 0.12))
    (fp_line (start 1.971 1.04) (end 1.971 2.48) (layer F.SilkS) (width 0.12))
    (fp_line (start 2.011 -2.468) (end 2.011 -1.04) (layer F.SilkS) (width 0.12))
    (fp_line (start 2.011 1.04) (end 2.011 2.468) (layer F.SilkS) (width 0.12))
    (fp_line (start 2.051 -2.455) (end 2.051 -1.04) (layer F.SilkS) (width 0.12))
    (fp_line (start 2.051 1.04) (end 2.051 2.455) (layer F.SilkS) (width 0.12))
    (fp_line (start 2.091 -2.442) (end 2.091 -1.04) (layer F.SilkS) (width 0.12))
    (fp_line (start 2.091 1.04) (end 2.091 2.442) (layer F.SilkS) (width 0.12))
    (fp_line (start 2.131 -2.428) (end 2.131 -1.04) (layer F.SilkS) (width 0.12))
    (fp_line (start 2.131 1.04) (end 2.131 2.428) (layer F.SilkS) (width 0.12))
    (fp_line (start 2.171 -2.414) (end 2.171 -1.04) (layer F.SilkS) (width 0.12))
    (fp_line (start 2.171 1.04) (end 2.171 2.414) (layer F.SilkS) (width 0.12))
    (fp_line (start 2.211 -2.398) (end 2.211 -1.04) (layer F.SilkS) (width 0.12))
    (fp_line (start 2.211 1.04) (end 2.211 2.398) (layer F.SilkS) (width 0.12))
    (fp_line (start 2.251 -2.382) (end 2.251 -1.04) (layer F.SilkS) (width 0.12))
    (fp_line (start 2.251 1.04) (end 2.251 2.382) (layer F.SilkS) (width 0.12))
    (fp_line (start 2.291 -2.365) (end 2.291 -1.04) (layer F.SilkS) (width 0.12))
    (fp_line (start 2.291 1.04) (end 2.291 2.365) (layer F.SilkS) (width 0.12))
