(kicad_pcb (version 20171130) (host pcbnew "(5.1.5)-3")

  (general
    (thickness 1.6)
    (drawings 29)
    (tracks 398)
    (zones 0)
    (modules 199)
    (nets 172)
  )

  (page A4)
  (layers
    (0 F.Cu signal)
    (31 B.Cu signal)
    (32 B.Adhes user)
    (33 F.Adhes user)
    (34 B.Paste user)
    (35 F.Paste user)
    (36 B.SilkS user)
    (37 F.SilkS user)
    (38 B.Mask user)
    (39 F.Mask user)
    (40 Dwgs.User user)
    (41 Cmts.User user)
    (42 Eco1.User user)
    (43 Eco2.User user)
    (44 Edge.Cuts user)
    (45 Margin user)
    (46 B.CrtYd user)
    (47 F.CrtYd user)
    (48 B.Fab user)
    (49 F.Fab user)
  )

  (setup
    (last_trace_width 0.5)
    (user_trace_width 0.2)
    (user_trace_width 0.3)
    (user_trace_width 0.5)
    (user_trace_width 0.8)
    (trace_clearance 0.2)
    (zone_clearance 0.508)
    (zone_45_only no)
    (trace_min 0.2)
    (via_size 0.8)
    (via_drill 0.4)
    (via_min_size 0.4)
    (via_min_drill 0.3)
    (user_via 0.5 0.3)
    (user_via 1.5 0.75)
    (user_via 6 3)
    (uvia_size 0.3)
    (uvia_drill 0.1)
    (uvias_allowed no)
    (uvia_min_size 0.2)
    (uvia_min_drill 0.1)
    (edge_width 0.05)
    (segment_width 0.2)
    (pcb_text_width 0.3)
    (pcb_text_size 1.5 1.5)
    (mod_edge_width 0.12)
    (mod_text_size 1 1)
    (mod_text_width 0.15)
    (pad_size 1.524 1.524)
    (pad_drill 0.762)
    (pad_to_mask_clearance 0.051)
    (solder_mask_min_width 0.25)
    (aux_axis_origin 0 0)
    (visible_elements 7FFFFF7F)
    (pcbplotparams
      (layerselection 0x010fc_ffffffff)
      (usegerberextensions false)
      (usegerberattributes false)
      (usegerberadvancedattributes false)
      (creategerberjobfile false)
      (excludeedgelayer true)
      (linewidth 0.100000)
      (plotframeref false)
      (viasonmask false)
      (mode 1)
      (useauxorigin false)
      (hpglpennumber 1)
      (hpglpenspeed 20)
      (hpglpendiameter 15.000000)
      (psnegative false)
      (psa4output false)
      (plotreference true)
      (plotvalue true)
      (plotinvisibletext false)
      (padsonsilk false)
      (subtractmaskfromsilk false)
      (outputformat 1)
      (mirror false)
      (drillshape 1)
      (scaleselection 1)
      (outputdirectory ""))
  )

  (net 0 "")
  (net 1 GND)
  (net 2 /OSC_IN)
  (net 3 /OSC_OUT)
  (net 4 +3V3)
  (net 5 "Net-(C4-Pad2)")
  (net 6 /FB_5V)
  (net 7 "Net-(C8-Pad1)")
  (net 8 "Net-(C8-Pad2)")
  (net 9 +12V)
  (net 10 "Net-(C12-Pad1)")
  (net 11 "Net-(C15-Pad1)")
  (net 12 "Net-(C17-Pad1)")
  (net 13 +5V)
  (net 14 IO_Vdd)
  (net 15 /Drive_U_Temp)
  (net 16 /Drive_V_Temp)
  (net 17 /Drive_W_Temp)
  (net 18 /Subscribe_Temp)
  (net 19 "Net-(C36-Pad1)")
  (net 20 /OUT_U)
  (net 21 "Net-(C37-Pad1)")
  (net 22 GNDPWR)
  (net 23 /OUT_V)
  (net 24 "Net-(C38-Pad1)")
  (net 25 "Net-(C39-Pad1)")
  (net 26 /OUT_W)
  (net 27 "Net-(C40-Pad1)")
  (net 28 "Net-(C41-Pad1)")
  (net 29 "Net-(C43-Pad1)")
  (net 30 /FB_12P)
  (net 31 "Net-(C47-Pad2)")
  (net 32 "Net-(C47-Pad1)")
  (net 33 +Batt)
  (net 34 +BATT)
  (net 35 "Net-(D1-Pad2)")
  (net 36 "Net-(D5-Pad2)")
  (net 37 "Net-(D6-Pad2)")
  (net 38 "Net-(D7-Pad2)")
  (net 39 "Net-(D8-Pad2)")
  (net 40 "Net-(D9-Pad2)")
  (net 41 "Net-(D10-Pad2)")
  (net 42 "Net-(D11-Pad2)")
  (net 43 "Net-(D12-Pad2)")
  (net 44 "Net-(D13-Pad2)")
  (net 45 /SWCLK)
  (net 46 /SWDIO)
  (net 47 /~RST)
  (net 48 "Net-(J1-Pad6)")
  (net 49 /CAN_H)
  (net 50 /CAN_L)
  (net 51 "Net-(J4-Pad3)")
  (net 52 "Net-(J4-Pad4)")
  (net 53 /IO0_Pin)
  (net 54 /IO1_Pin)
  (net 55 /USARTX_RX)
  (net 56 /USARTX_TX)
  (net 57 "Net-(J8-Pad2)")
  (net 58 "Net-(JP2-Pad1)")
  (net 59 "Net-(Q1-PadG)")
  (net 60 "Net-(Q2-PadG)")
  (net 61 "Net-(Q3-PadG)")
  (net 62 "Net-(Q4-PadG)")
  (net 63 "Net-(Q5-PadG)")
  (net 64 "Net-(Q6-PadG)")
  (net 65 "Net-(R1-Pad1)")
  (net 66 /TIMx_CH1)
  (net 67 /TIMx_CH2)
  (net 68 /SW0)
  (net 69 /SW1)
  (net 70 /LED0)
  (net 71 /LED1)
  (net 72 "Net-(R15-Pad2)")
  (net 73 /Enable)
  (net 74 "Net-(R23-Pad1)")
  (net 75 "Net-(R24-Pad1)")
  (net 76 "Net-(R25-Pad1)")
  (net 77 /PWR_ON_Pin)
  (net 78 "Net-(R29-Pad1)")
  (net 79 "Net-(R32-Pad2)")
  (net 80 "Net-(R33-Pad2)")
  (net 81 "Net-(R34-Pad2)")
  (net 82 "Net-(R35-Pad2)")
  (net 83 "Net-(R36-Pad2)")
  (net 84 "Net-(R37-Pad2)")
  (net 85 "Net-(R38-Pad2)")
  (net 86 +12P)
  (net 87 /CAN1_TX)
  (net 88 /CAN1_RX)
  (net 89 "Net-(U3-Pad4)")
  (net 90 "Net-(U3-Pad8)")
  (net 91 "Net-(U3-Pad24)")
  (net 92 /ADRESS_0)
  (net 93 /ADRESS_1)
  (net 94 /ADRESS_2)
  (net 95 /ADRESS_3)
  (net 96 "Net-(U3-Pad44)")
  (net 97 "Net-(U3-Pad45)")
  (net 98 "Net-(U3-Pad54)")
  (net 99 "Net-(U3-Pad55)")
  (net 100 "Net-(U3-Pad58)")
  (net 101 "Net-(U3-Pad59)")
  (net 102 "Net-(U7-Pad13)")
  (net 103 "Net-(U7-Pad12)")
  (net 104 "Net-(U7-Pad7)")
  (net 105 "Net-(U7-Pad2)")
  (net 106 /PWM_U)
  (net 107 /PWM_V)
  (net 108 "Net-(U8-Pad2)")
  (net 109 "Net-(U8-Pad7)")
  (net 110 "Net-(U8-Pad12)")
  (net 111 "Net-(U8-Pad13)")
  (net 112 /PWM_W)
  (net 113 "Net-(U9-Pad2)")
  (net 114 "Net-(U9-Pad7)")
  (net 115 "Net-(U9-Pad12)")
  (net 116 "Net-(U9-Pad13)")
  (net 117 "Net-(U10-Pad14)")
  (net 118 "Net-(C61-Pad1)")
  (net 119 "Net-(C62-Pad2)")
  (net 120 "Net-(C62-Pad1)")
  (net 121 "Net-(D17-Pad1)")
  (net 122 "Net-(D18-Pad1)")
  (net 123 /VALVE_0)
  (net 124 /VALVE_1)
  (net 125 /I2Cx_SCL)
  (net 126 /I2Cx_SDA)
  (net 127 "Net-(U20-Pad1)")
  (net 128 "Net-(D19-Pad2)")
  (net 129 "Net-(D20-Pad2)")
  (net 130 "Net-(D21-Pad2)")
  (net 131 "Net-(D22-Pad2)")
  (net 132 "Net-(D23-Pad2)")
  (net 133 "Net-(D24-Pad2)")
  (net 134 "Net-(D25-Pad2)")
  (net 135 "Net-(D26-Pad2)")
  (net 136 "Net-(D27-Pad2)")
  (net 137 /HALL_0)
  (net 138 /HALL_1)
  (net 139 /HALL_2)
  (net 140 "Net-(J15-Pad5)")
  (net 141 /SW_MODE)
  (net 142 "Net-(SW4-Pad1)")
  (net 143 "Net-(U3-Pad50)")
  (net 144 "Net-(J1-Pad2)")
  (net 145 /Current)
  (net 146 "Net-(C31-Pad1)")
  (net 147 "Net-(C32-Pad1)")
  (net 148 "Net-(C34-Pad1)")
  (net 149 +5VP)
  (net 150 "Net-(D28-Pad2)")
  (net 151 /SIGNAL_U)
  (net 152 /SIGNAL_V)
  (net 153 /SIGNAL_W)
  (net 154 /LOCATION_W_SIGNAL)
  (net 155 /LOCATION_V_SIGNAL)
  (net 156 /LOCATION_U_SIGNAL)
  (net 157 /INVERTER_OUT)
  (net 158 /LED2)
  (net 159 /ZERO_CROSS)
  (net 160 "Net-(U3-Pad26)")
  (net 161 "Net-(U3-Pad27)")
  (net 162 "Net-(U3-Pad33)")
  (net 163 "Net-(U3-Pad34)")
  (net 164 "Net-(U10-Pad12)")
  (net 165 "Net-(U10-Pad13)")
  (net 166 "Net-(ISO1-Pad2)")
  (net 167 "Net-(ISO1-Pad3)")
  (net 168 "Net-(ISO1-Pad4)")
  (net 169 "Net-(ISO1-Pad13)")
  (net 170 "Net-(ISO1-Pad14)")
  (net 171 "Net-(ISO1-Pad15)")

  (net_class Default "これはデフォルトのネット クラスです。"
    (clearance 0.2)
    (trace_width 0.25)
    (via_dia 0.8)
    (via_drill 0.4)
    (uvia_dia 0.3)
    (uvia_drill 0.1)
    (add_net +12P)
    (add_net +12V)
    (add_net +3V3)
    (add_net +5V)
    (add_net +5VP)
    (add_net +BATT)
    (add_net +Batt)
    (add_net /ADRESS_0)
    (add_net /ADRESS_1)
    (add_net /ADRESS_2)
    (add_net /ADRESS_3)
    (add_net /CAN1_RX)
    (add_net /CAN1_TX)
    (add_net /CAN_H)
    (add_net /CAN_L)
    (add_net /Current)
    (add_net /Drive_U_Temp)
    (add_net /Drive_V_Temp)
    (add_net /Drive_W_Temp)
    (add_net /Enable)
    (add_net /FB_12P)
    (add_net /FB_5V)
    (add_net /HALL_0)
    (add_net /HALL_1)
    (add_net /HALL_2)
    (add_net /I2Cx_SCL)
    (add_net /I2Cx_SDA)
    (add_net /INVERTER_OUT)
    (add_net /IO0_Pin)
    (add_net /IO1_Pin)
    (add_net /LED0)
    (add_net /LED1)
    (add_net /LED2)
    (add_net /LOCATION_U_SIGNAL)
    (add_net /LOCATION_V_SIGNAL)
    (add_net /LOCATION_W_SIGNAL)
    (add_net /OSC_IN)
    (add_net /OSC_OUT)
    (add_net /OUT_U)
    (add_net /OUT_V)
    (add_net /OUT_W)
    (add_net /PWM_U)
    (add_net /PWM_V)
    (add_net /PWM_W)
    (add_net /PWR_ON_Pin)
    (add_net /SIGNAL_U)
    (add_net /SIGNAL_V)
    (add_net /SIGNAL_W)
    (add_net /SW0)
    (add_net /SW1)
    (add_net /SWCLK)
    (add_net /SWDIO)
    (add_net /SW_MODE)
    (add_net /Subscribe_Temp)
    (add_net /TIMx_CH1)
    (add_net /TIMx_CH2)
    (add_net /USARTX_RX)
    (add_net /USARTX_TX)
    (add_net /VALVE_0)
    (add_net /VALVE_1)
    (add_net /ZERO_CROSS)
    (add_net /~RST)
    (add_net GND)
    (add_net GNDPWR)
    (add_net IO_Vdd)
    (add_net "Net-(C12-Pad1)")
    (add_net "Net-(C15-Pad1)")
    (add_net "Net-(C17-Pad1)")
    (add_net "Net-(C31-Pad1)")
    (add_net "Net-(C32-Pad1)")
    (add_net "Net-(C34-Pad1)")
    (add_net "Net-(C36-Pad1)")
    (add_net "Net-(C37-Pad1)")
    (add_net "Net-(C38-Pad1)")
    (add_net "Net-(C39-Pad1)")
    (add_net "Net-(C4-Pad2)")
    (add_net "Net-(C40-Pad1)")
    (add_net "Net-(C41-Pad1)")
    (add_net "Net-(C43-Pad1)")
    (add_net "Net-(C47-Pad1)")
    (add_net "Net-(C47-Pad2)")
    (add_net "Net-(C61-Pad1)")
    (add_net "Net-(C62-Pad1)")
    (add_net "Net-(C62-Pad2)")
    (add_net "Net-(C8-Pad1)")
    (add_net "Net-(C8-Pad2)")
    (add_net "Net-(D1-Pad2)")
    (add_net "Net-(D10-Pad2)")
    (add_net "Net-(D11-Pad2)")
    (add_net "Net-(D12-Pad2)")
    (add_net "Net-(D13-Pad2)")
    (add_net "Net-(D17-Pad1)")
    (add_net "Net-(D18-Pad1)")
    (add_net "Net-(D19-Pad2)")
    (add_net "Net-(D20-Pad2)")
    (add_net "Net-(D21-Pad2)")
    (add_net "Net-(D22-Pad2)")
    (add_net "Net-(D23-Pad2)")
    (add_net "Net-(D24-Pad2)")
    (add_net "Net-(D25-Pad2)")
    (add_net "Net-(D26-Pad2)")
    (add_net "Net-(D27-Pad2)")
    (add_net "Net-(D28-Pad2)")
    (add_net "Net-(D5-Pad2)")
    (add_net "Net-(D6-Pad2)")
    (add_net "Net-(D7-Pad2)")
    (add_net "Net-(D8-Pad2)")
    (add_net "Net-(D9-Pad2)")
    (add_net "Net-(ISO1-Pad13)")
    (add_net "Net-(ISO1-Pad14)")
    (add_net "Net-(ISO1-Pad15)")
    (add_net "Net-(ISO1-Pad2)")
    (add_net "Net-(ISO1-Pad3)")
    (add_net "Net-(ISO1-Pad4)")
    (add_net "Net-(J1-Pad2)")
    (add_net "Net-(J1-Pad6)")
    (add_net "Net-(J15-Pad5)")
    (add_net "Net-(J4-Pad3)")
    (add_net "Net-(J4-Pad4)")
    (add_net "Net-(J8-Pad2)")
    (add_net "Net-(JP2-Pad1)")
    (add_net "Net-(Q1-PadG)")
    (add_net "Net-(Q2-PadG)")
    (add_net "Net-(Q3-PadG)")
    (add_net "Net-(Q4-PadG)")
    (add_net "Net-(Q5-PadG)")
    (add_net "Net-(Q6-PadG)")
    (add_net "Net-(R1-Pad1)")
    (add_net "Net-(R15-Pad2)")
    (add_net "Net-(R23-Pad1)")
    (add_net "Net-(R24-Pad1)")
    (add_net "Net-(R25-Pad1)")
    (add_net "Net-(R29-Pad1)")
    (add_net "Net-(R32-Pad2)")
    (add_net "Net-(R33-Pad2)")
    (add_net "Net-(R34-Pad2)")
    (add_net "Net-(R35-Pad2)")
    (add_net "Net-(R36-Pad2)")
    (add_net "Net-(R37-Pad2)")
    (add_net "Net-(R38-Pad2)")
    (add_net "Net-(SW4-Pad1)")
    (add_net "Net-(U10-Pad12)")
    (add_net "Net-(U10-Pad13)")
    (add_net "Net-(U10-Pad14)")
    (add_net "Net-(U20-Pad1)")
    (add_net "Net-(U3-Pad24)")
    (add_net "Net-(U3-Pad26)")
    (add_net "Net-(U3-Pad27)")
    (add_net "Net-(U3-Pad33)")
    (add_net "Net-(U3-Pad34)")
    (add_net "Net-(U3-Pad4)")
    (add_net "Net-(U3-Pad44)")
    (add_net "Net-(U3-Pad45)")
    (add_net "Net-(U3-Pad50)")
    (add_net "Net-(U3-Pad54)")
    (add_net "Net-(U3-Pad55)")
    (add_net "Net-(U3-Pad58)")
    (add_net "Net-(U3-Pad59)")
    (add_net "Net-(U3-Pad8)")
    (add_net "Net-(U7-Pad12)")
    (add_net "Net-(U7-Pad13)")
    (add_net "Net-(U7-Pad2)")
    (add_net "Net-(U7-Pad7)")
    (add_net "Net-(U8-Pad12)")
    (add_net "Net-(U8-Pad13)")
    (add_net "Net-(U8-Pad2)")
    (add_net "Net-(U8-Pad7)")
    (add_net "Net-(U9-Pad12)")
    (add_net "Net-(U9-Pad13)")
    (add_net "Net-(U9-Pad2)")
    (add_net "Net-(U9-Pad7)")
  )

  (module Mizz_lib:HSOF-8-1 (layer B.Cu) (tedit 5DCA2DFD) (tstamp 5E4AC981)
    (at 186.25 81.2 180)
    (path /5E715A36)
    (fp_text reference Q2 (at 0 -0.5 180) (layer B.SilkS)
      (effects (font (size 1 1) (thickness 0.15)) (justify mirror))
    )
    (fp_text value MOSFET_N (at 0 0.5 180) (layer B.Fab)
      (effects (font (size 1 1) (thickness 0.15)) (justify mirror))
    )
    (fp_circle (center 0 0) (end 1.2 0) (layer B.SilkS) (width 0.1))
    (fp_line (start -5 5.3) (end 5 5.3) (layer B.SilkS) (width 0.1))
    (fp_line (start 4.7 5) (end 5 5.3) (layer B.SilkS) (width 0.1))
    (fp_line (start -4.7 5) (end 4.7 5) (layer B.SilkS) (width 0.1))
    (fp_line (start -5 5.3) (end -4.7 5) (layer B.SilkS) (width 0.1))
    (fp_line (start -5 -5.4) (end 5 -5.4) (layer B.SilkS) (width 0.1))
    (fp_line (start 5 -5.4) (end 4.7 -5.1) (layer B.SilkS) (width 0.1))
    (fp_line (start -4.7 -5.1) (end -5 -5.4) (layer B.SilkS) (width 0.1))
    (fp_line (start -4.7 -5.1) (end 4.7 -5.1) (layer B.SilkS) (width 0.1))
    (fp_line (start 5 -5.4) (end 5 5.3) (layer B.SilkS) (width 0.1))
    (fp_line (start -5 5.3) (end -5 -5.4) (layer B.SilkS) (width 0.1))
    (fp_line (start -4.7 -1.4) (end -5 -1.1) (layer B.SilkS) (width 0.1))
    (fp_line (start -4.7 -1.4) (end -4.7 -5.1) (layer B.SilkS) (width 0.1))
    (fp_line (start -4.7 2.6) (end -5 2.3) (layer B.SilkS) (width 0.1))
    (fp_line (start -4.7 2.6) (end -4.7 5) (layer B.SilkS) (width 0.1))
    (fp_line (start -4.4 2.6) (end -4.7 2.6) (layer B.SilkS) (width 0.1))
    (fp_line (start -4.4 -1.4) (end -4.4 2.6) (layer B.SilkS) (width 0.1))
    (fp_line (start -4.7 -1.4) (end -4.4 -1.4) (layer B.SilkS) (width 0.1))
    (fp_line (start -4.7 2.3) (end -5 2.3) (layer B.SilkS) (width 0.1))
    (fp_line (start -4.4 2.6) (end -4.7 2.3) (layer B.SilkS) (width 0.1))
    (fp_line (start -4.7 -1.1) (end -4.4 -1.4) (layer B.SilkS) (width 0.1))
    (fp_line (start -4.7 2.3) (end -4.7 -1.1) (layer B.SilkS) (width 0.1))
    (fp_line (start -4.7 -1.1) (end -5 -1.1) (layer B.SilkS) (width 0.1))
    (fp_line (start 4.7 2.6) (end 5 2.3) (layer B.SilkS) (width 0.1))
    (fp_line (start 4.7 2.6) (end 4.7 5) (layer B.SilkS) (width 0.1))
    (fp_line (start 4.7 -1.4) (end 5 -1.1) (layer B.SilkS) (width 0.1))
    (fp_line (start 4.7 -5.1) (end 4.7 -1.4) (layer B.SilkS) (width 0.1))
    (fp_line (start 4.4 2.6) (end 4.7 2.6) (layer B.SilkS) (width 0.1))
    (fp_line (start 4.4 -1.4) (end 4.4 2.6) (layer B.SilkS) (width 0.1))
    (fp_line (start 4.7 -1.4) (end 4.4 -1.4) (layer B.SilkS) (width 0.1))
    (fp_line (start 4.7 2.3) (end 5 2.3) (layer B.SilkS) (width 0.1))
    (fp_line (start 4.4 2.6) (end 4.7 2.3) (layer B.SilkS) (width 0.1))
    (fp_line (start 4.7 -1.1) (end 4.4 -1.4) (layer B.SilkS) (width 0.1))
    (fp_line (start 4.7 2.3) (end 4.7 -1.1) (layer B.SilkS) (width 0.1))
    (fp_line (start 4.7 -1.1) (end 5 -1.1) (layer B.SilkS) (width 0.1))
    (fp_line (start -4.6 -5.4) (end -4.6 -6) (layer B.SilkS) (width 0.1))
    (fp_line (start -3.8 -6) (end -4.6 -6) (layer B.SilkS) (width 0.1))
    (fp_line (start -3.8 -5.4) (end -3.8 -6) (layer B.SilkS) (width 0.1))
    (fp_line (start 1 -6) (end 1 -5.4) (layer B.SilkS) (width 0.1))
    (fp_line (start 0.2 -6) (end 1 -6) (layer B.SilkS) (width 0.1))
    (fp_line (start 0.2 -5.4) (end 0.2 -6) (layer B.SilkS) (width 0.1))
    (fp_line (start -1 -6) (end -1 -5.4) (layer B.SilkS) (width 0.1))
    (fp_line (start -0.2 -6) (end -1 -6) (layer B.SilkS) (width 0.1))
    (fp_line (start -0.2 -5.4) (end -0.2 -6) (layer B.SilkS) (width 0.1))
    (fp_line (start 2.2 -6) (end 2.2 -5.4) (layer B.SilkS) (width 0.1))
    (fp_line (start 1.4 -6) (end 2.2 -6) (layer B.SilkS) (width 0.1))
    (fp_line (start 1.4 -5.4) (end 1.4 -6) (layer B.SilkS) (width 0.1))
    (fp_line (start 3.4 -6) (end 3.4 -5.4) (layer B.SilkS) (width 0.1))
    (fp_line (start 2.6 -6) (end 3.4 -6) (layer B.SilkS) (width 0.1))
    (fp_line (start 2.6 -5.4) (end 2.6 -6) (layer B.SilkS) (width 0.1))
    (fp_line (start 4.6 -6) (end 4.6 -5.4) (layer B.SilkS) (width 0.1))
    (fp_line (start 3.8 -6) (end 4.6 -6) (layer B.SilkS) (width 0.1))
    (fp_line (start 3.8 -5.4) (end 3.8 -6) (layer B.SilkS) (width 0.1))
    (fp_line (start -2.2 -6) (end -2.2 -5.4) (layer B.SilkS) (width 0.1))
    (fp_line (start -1.4 -6) (end -2.2 -6) (layer B.SilkS) (width 0.1))
    (fp_line (start -1.4 -5.4) (end -1.4 -6) (layer B.SilkS) (width 0.1))
    (fp_line (start -3.4 -6) (end -3.4 -5.4) (layer B.SilkS) (width 0.1))
    (fp_line (start -2.6 -6) (end -3.4 -6) (layer B.SilkS) (width 0.1))
    (fp_line (start -2.6 -5.4) (end -2.6 -6) (layer B.SilkS) (width 0.1))
    (fp_line (start -5 6) (end -5 5.3) (layer B.SilkS) (width 0.1))
    (fp_line (start 5 6) (end 5 5.3) (layer B.SilkS) (width 0.1))
    (fp_line (start 0.6 6) (end 0.6 5.8) (layer B.SilkS) (width 0.1))
    (fp_line (start 4 6) (end 4 5.8) (layer B.SilkS) (width 0.1))
    (fp_line (start 4 5.8) (end 0.6 5.8) (layer B.SilkS) (width 0.1))
    (fp_line (start -4 5.8) (end -4 6) (layer B.SilkS) (width 0.1))
    (fp_line (start -0.6 5.8) (end -4 5.8) (layer B.SilkS) (width 0.1))
    (fp_line (start -0.6 6) (end -0.6 5.8) (layer B.SilkS) (width 0.1))
    (fp_line (start -4 6) (end -5 6) (layer B.SilkS) (width 0.1))
    (fp_line (start -0.6 6) (end 0.6 6) (layer B.SilkS) (width 0.1))
    (fp_line (start 4 6) (end 5 6) (layer B.SilkS) (width 0.1))
    (pad S smd rect (at 0.6 -5 180) (size 8 3) (layers B.Cu B.Paste B.Mask)
      (net 157 /INVERTER_OUT))
    (pad G smd rect (at -4.2 -5 180) (size 0.8 3) (layers B.Cu B.Paste B.Mask)
      (net 60 "Net-(Q2-PadG)"))
    (pad D smd rect (at 0 2.5 180) (size 10 8) (layers B.Cu B.Paste B.Mask)
      (net 20 /OUT_U))
    (model ${KISYS3DMOD}/Package_TO_SOT_SMD.3dshapes/Infineon_PG-HSOF-8-1.step
      (at (xyz 0 0 0))
      (scale (xyz 1 1 1))
      (rotate (xyz 0 0 -90))
    )
  )

  (module Capacitor_SMD:C_0603_1608Metric (layer F.Cu) (tedit 5B301BBE) (tstamp 5E4AC10C)
    (at 96.840001 96.700001)
    (descr "Capacitor SMD 0603 (1608 Metric), square (rectangular) end terminal, IPC_7351 nominal, (Body size source: http://www.tortai-tech.com/upload/download/2011102023233369053.pdf), generated with kicad-footprint-generator")
    (tags capacitor)
    (path /5E42F98B)
    (attr smd)
    (fp_text reference C1 (at 0 -1.43) (layer F.SilkS)
      (effects (font (size 1 1) (thickness 0.15)))
    )
    (fp_text value 22p (at 0 1.43) (layer F.Fab)
      (effects (font (size 1 1) (thickness 0.15)))
    )
    (fp_text user %R (at 0 0) (layer F.Fab)
      (effects (font (size 0.4 0.4) (thickness 0.06)))
    )
    (fp_line (start 1.48 0.73) (end -1.48 0.73) (layer F.CrtYd) (width 0.05))
    (fp_line (start 1.48 -0.73) (end 1.48 0.73) (layer F.CrtYd) (width 0.05))
    (fp_line (start -1.48 -0.73) (end 1.48 -0.73) (layer F.CrtYd) (width 0.05))
    (fp_line (start -1.48 0.73) (end -1.48 -0.73) (layer F.CrtYd) (width 0.05))
    (fp_line (start -0.162779 0.51) (end 0.162779 0.51) (layer F.SilkS) (width 0.12))
    (fp_line (start -0.162779 -0.51) (end 0.162779 -0.51) (layer F.SilkS) (width 0.12))
    (fp_line (start 0.8 0.4) (end -0.8 0.4) (layer F.Fab) (width 0.1))
    (fp_line (start 0.8 -0.4) (end 0.8 0.4) (layer F.Fab) (width 0.1))
    (fp_line (start -0.8 -0.4) (end 0.8 -0.4) (layer F.Fab) (width 0.1))
    (fp_line (start -0.8 0.4) (end -0.8 -0.4) (layer F.Fab) (width 0.1))
    (pad 2 smd roundrect (at 0.7875 0) (size 0.875 0.95) (layers F.Cu F.Paste F.Mask) (roundrect_rratio 0.25)
      (net 1 GND))
    (pad 1 smd roundrect (at -0.7875 0) (size 0.875 0.95) (layers F.Cu F.Paste F.Mask) (roundrect_rratio 0.25)
      (net 2 /OSC_IN))
    (model ${KISYS3DMOD}/Capacitor_SMD.3dshapes/C_0603_1608Metric.wrl
      (at (xyz 0 0 0))
      (scale (xyz 1 1 1))
      (rotate (xyz 0 0 0))
    )
  )

  (module Capacitor_SMD:C_0603_1608Metric (layer F.Cu) (tedit 5B301BBE) (tstamp 5E4AC11D)
    (at 74.170001 96.930001)
    (descr "Capacitor SMD 0603 (1608 Metric), square (rectangular) end terminal, IPC_7351 nominal, (Body size source: http://www.tortai-tech.com/upload/download/2011102023233369053.pdf), generated with kicad-footprint-generator")
    (tags capacitor)
    (path /5E42F6F3)
    (attr smd)
    (fp_text reference C2 (at 0 -1.43) (layer F.SilkS)
      (effects (font (size 1 1) (thickness 0.15)))
    )
    (fp_text value 22p (at 0 1.43) (layer F.Fab)
      (effects (font (size 1 1) (thickness 0.15)))
    )
    (fp_line (start -0.8 0.4) (end -0.8 -0.4) (layer F.Fab) (width 0.1))
    (fp_line (start -0.8 -0.4) (end 0.8 -0.4) (layer F.Fab) (width 0.1))
    (fp_line (start 0.8 -0.4) (end 0.8 0.4) (layer F.Fab) (width 0.1))
    (fp_line (start 0.8 0.4) (end -0.8 0.4) (layer F.Fab) (width 0.1))
    (fp_line (start -0.162779 -0.51) (end 0.162779 -0.51) (layer F.SilkS) (width 0.12))
    (fp_line (start -0.162779 0.51) (end 0.162779 0.51) (layer F.SilkS) (width 0.12))
    (fp_line (start -1.48 0.73) (end -1.48 -0.73) (layer F.CrtYd) (width 0.05))
    (fp_line (start -1.48 -0.73) (end 1.48 -0.73) (layer F.CrtYd) (width 0.05))
    (fp_line (start 1.48 -0.73) (end 1.48 0.73) (layer F.CrtYd) (width 0.05))
    (fp_line (start 1.48 0.73) (end -1.48 0.73) (layer F.CrtYd) (width 0.05))
    (fp_text user %R (at 0 0) (layer F.Fab)
      (effects (font (size 0.4 0.4) (thickness 0.06)))
    )
    (pad 1 smd roundrect (at -0.7875 0) (size 0.875 0.95) (layers F.Cu F.Paste F.Mask) (roundrect_rratio 0.25)
      (net 3 /OSC_OUT))
    (pad 2 smd roundrect (at 0.7875 0) (size 0.875 0.95) (layers F.Cu F.Paste F.Mask) (roundrect_rratio 0.25)
      (net 1 GND))
    (model ${KISYS3DMOD}/Capacitor_SMD.3dshapes/C_0603_1608Metric.wrl
      (at (xyz 0 0 0))
      (scale (xyz 1 1 1))
      (rotate (xyz 0 0 0))
    )
  )

  (module Capacitor_SMD:C_0603_1608Metric (layer F.Cu) (tedit 5B301BBE) (tstamp 5E4AC12E)
    (at 108.090001 55.680001)
    (descr "Capacitor SMD 0603 (1608 Metric), square (rectangular) end terminal, IPC_7351 nominal, (Body size source: http://www.tortai-tech.com/upload/download/2011102023233369053.pdf), generated with kicad-footprint-generator")
    (tags capacitor)
    (path /5E513F0A)
    (attr smd)
    (fp_text reference C3 (at 0 -1.43) (layer F.SilkS)
      (effects (font (size 1 1) (thickness 0.15)))
    )
    (fp_text value 0.1u (at 0 1.43) (layer F.Fab)
      (effects (font (size 1 1) (thickness 0.15)))
    )
    (fp_line (start -0.8 0.4) (end -0.8 -0.4) (layer F.Fab) (width 0.1))
    (fp_line (start -0.8 -0.4) (end 0.8 -0.4) (layer F.Fab) (width 0.1))
    (fp_line (start 0.8 -0.4) (end 0.8 0.4) (layer F.Fab) (width 0.1))
    (fp_line (start 0.8 0.4) (end -0.8 0.4) (layer F.Fab) (width 0.1))
    (fp_line (start -0.162779 -0.51) (end 0.162779 -0.51) (layer F.SilkS) (width 0.12))
    (fp_line (start -0.162779 0.51) (end 0.162779 0.51) (layer F.SilkS) (width 0.12))
    (fp_line (start -1.48 0.73) (end -1.48 -0.73) (layer F.CrtYd) (width 0.05))
    (fp_line (start -1.48 -0.73) (end 1.48 -0.73) (layer F.CrtYd) (width 0.05))
    (fp_line (start 1.48 -0.73) (end 1.48 0.73) (layer F.CrtYd) (width 0.05))
    (fp_line (start 1.48 0.73) (end -1.48 0.73) (layer F.CrtYd) (width 0.05))
    (fp_text user %R (at 0 0) (layer F.Fab)
      (effects (font (size 0.4 0.4) (thickness 0.06)))
    )
    (pad 1 smd roundrect (at -0.7875 0) (size 0.875 0.95) (layers F.Cu F.Paste F.Mask) (roundrect_rratio 0.25)
      (net 4 +3V3))
    (pad 2 smd roundrect (at 0.7875 0) (size 0.875 0.95) (layers F.Cu F.Paste F.Mask) (roundrect_rratio 0.25)
      (net 1 GND))
    (model ${KISYS3DMOD}/Capacitor_SMD.3dshapes/C_0603_1608Metric.wrl
      (at (xyz 0 0 0))
      (scale (xyz 1 1 1))
      (rotate (xyz 0 0 0))
    )
  )

  (module Capacitor_SMD:C_0603_1608Metric (layer F.Cu) (tedit 5B301BBE) (tstamp 5E4AC13F)
    (at 70.160001 97.260001)
    (descr "Capacitor SMD 0603 (1608 Metric), square (rectangular) end terminal, IPC_7351 nominal, (Body size source: http://www.tortai-tech.com/upload/download/2011102023233369053.pdf), generated with kicad-footprint-generator")
    (tags capacitor)
    (path /5E5A9032)
    (attr smd)
    (fp_text reference C4 (at 0 -1.43) (layer F.SilkS)
      (effects (font (size 1 1) (thickness 0.15)))
    )
    (fp_text value 0.1u (at 0 1.43) (layer F.Fab)
      (effects (font (size 1 1) (thickness 0.15)))
    )
    (fp_text user %R (at 0 0) (layer F.Fab)
      (effects (font (size 0.4 0.4) (thickness 0.06)))
    )
    (fp_line (start 1.48 0.73) (end -1.48 0.73) (layer F.CrtYd) (width 0.05))
    (fp_line (start 1.48 -0.73) (end 1.48 0.73) (layer F.CrtYd) (width 0.05))
    (fp_line (start -1.48 -0.73) (end 1.48 -0.73) (layer F.CrtYd) (width 0.05))
    (fp_line (start -1.48 0.73) (end -1.48 -0.73) (layer F.CrtYd) (width 0.05))
    (fp_line (start -0.162779 0.51) (end 0.162779 0.51) (layer F.SilkS) (width 0.12))
    (fp_line (start -0.162779 -0.51) (end 0.162779 -0.51) (layer F.SilkS) (width 0.12))
    (fp_line (start 0.8 0.4) (end -0.8 0.4) (layer F.Fab) (width 0.1))
    (fp_line (start 0.8 -0.4) (end 0.8 0.4) (layer F.Fab) (width 0.1))
    (fp_line (start -0.8 -0.4) (end 0.8 -0.4) (layer F.Fab) (width 0.1))
    (fp_line (start -0.8 0.4) (end -0.8 -0.4) (layer F.Fab) (width 0.1))
    (pad 2 smd roundrect (at 0.7875 0) (size 0.875 0.95) (layers F.Cu F.Paste F.Mask) (roundrect_rratio 0.25)
      (net 5 "Net-(C4-Pad2)"))
    (pad 1 smd roundrect (at -0.7875 0) (size 0.875 0.95) (layers F.Cu F.Paste F.Mask) (roundrect_rratio 0.25)
      (net 6 /FB_5V))
    (model ${KISYS3DMOD}/Capacitor_SMD.3dshapes/C_0603_1608Metric.wrl
      (at (xyz 0 0 0))
      (scale (xyz 1 1 1))
      (rotate (xyz 0 0 0))
    )
  )

  (module Capacitor_SMD:C_0603_1608Metric (layer F.Cu) (tedit 5B301BBE) (tstamp 5E4AC150)
    (at 66.150001 97.260001)
    (descr "Capacitor SMD 0603 (1608 Metric), square (rectangular) end terminal, IPC_7351 nominal, (Body size source: http://www.tortai-tech.com/upload/download/2011102023233369053.pdf), generated with kicad-footprint-generator")
    (tags capacitor)
    (path /5E44751E)
    (attr smd)
    (fp_text reference C5 (at 0 -1.43) (layer F.SilkS)
      (effects (font (size 1 1) (thickness 0.15)))
    )
    (fp_text value 0.1u (at 0 1.43) (layer F.Fab)
      (effects (font (size 1 1) (thickness 0.15)))
    )
    (fp_line (start -0.8 0.4) (end -0.8 -0.4) (layer F.Fab) (width 0.1))
    (fp_line (start -0.8 -0.4) (end 0.8 -0.4) (layer F.Fab) (width 0.1))
    (fp_line (start 0.8 -0.4) (end 0.8 0.4) (layer F.Fab) (width 0.1))
    (fp_line (start 0.8 0.4) (end -0.8 0.4) (layer F.Fab) (width 0.1))
    (fp_line (start -0.162779 -0.51) (end 0.162779 -0.51) (layer F.SilkS) (width 0.12))
    (fp_line (start -0.162779 0.51) (end 0.162779 0.51) (layer F.SilkS) (width 0.12))
    (fp_line (start -1.48 0.73) (end -1.48 -0.73) (layer F.CrtYd) (width 0.05))
    (fp_line (start -1.48 -0.73) (end 1.48 -0.73) (layer F.CrtYd) (width 0.05))
    (fp_line (start 1.48 -0.73) (end 1.48 0.73) (layer F.CrtYd) (width 0.05))
    (fp_line (start 1.48 0.73) (end -1.48 0.73) (layer F.CrtYd) (width 0.05))
    (fp_text user %R (at 0 0) (layer F.Fab)
      (effects (font (size 0.4 0.4) (thickness 0.06)))
    )
    (pad 1 smd roundrect (at -0.7875 0) (size 0.875 0.95) (layers F.Cu F.Paste F.Mask) (roundrect_rratio 0.25)
      (net 4 +3V3))
    (pad 2 smd roundrect (at 0.7875 0) (size 0.875 0.95) (layers F.Cu F.Paste F.Mask) (roundrect_rratio 0.25)
      (net 1 GND))
    (model ${KISYS3DMOD}/Capacitor_SMD.3dshapes/C_0603_1608Metric.wrl
      (at (xyz 0 0 0))
      (scale (xyz 1 1 1))
      (rotate (xyz 0 0 0))
    )
  )

  (module Capacitor_SMD:C_0603_1608Metric (layer F.Cu) (tedit 5B301BBE) (tstamp 5E4AC161)
    (at 104.080001 55.680001)
    (descr "Capacitor SMD 0603 (1608 Metric), square (rectangular) end terminal, IPC_7351 nominal, (Body size source: http://www.tortai-tech.com/upload/download/2011102023233369053.pdf), generated with kicad-footprint-generator")
    (tags capacitor)
    (path /5E447C41)
    (attr smd)
    (fp_text reference C6 (at 0 -1.43) (layer F.SilkS)
      (effects (font (size 1 1) (thickness 0.15)))
    )
    (fp_text value 0.1u (at 0 1.43) (layer F.Fab)
      (effects (font (size 1 1) (thickness 0.15)))
    )
    (fp_text user %R (at 0 0) (layer F.Fab)
      (effects (font (size 0.4 0.4) (thickness 0.06)))
    )
    (fp_line (start 1.48 0.73) (end -1.48 0.73) (layer F.CrtYd) (width 0.05))
    (fp_line (start 1.48 -0.73) (end 1.48 0.73) (layer F.CrtYd) (width 0.05))
    (fp_line (start -1.48 -0.73) (end 1.48 -0.73) (layer F.CrtYd) (width 0.05))
    (fp_line (start -1.48 0.73) (end -1.48 -0.73) (layer F.CrtYd) (width 0.05))
    (fp_line (start -0.162779 0.51) (end 0.162779 0.51) (layer F.SilkS) (width 0.12))
    (fp_line (start -0.162779 -0.51) (end 0.162779 -0.51) (layer F.SilkS) (width 0.12))
    (fp_line (start 0.8 0.4) (end -0.8 0.4) (layer F.Fab) (width 0.1))
    (fp_line (start 0.8 -0.4) (end 0.8 0.4) (layer F.Fab) (width 0.1))
    (fp_line (start -0.8 -0.4) (end 0.8 -0.4) (layer F.Fab) (width 0.1))
    (fp_line (start -0.8 0.4) (end -0.8 -0.4) (layer F.Fab) (width 0.1))
    (pad 2 smd roundrect (at 0.7875 0) (size 0.875 0.95) (layers F.Cu F.Paste F.Mask) (roundrect_rratio 0.25)
      (net 1 GND))
    (pad 1 smd roundrect (at -0.7875 0) (size 0.875 0.95) (layers F.Cu F.Paste F.Mask) (roundrect_rratio 0.25)
      (net 4 +3V3))
    (model ${KISYS3DMOD}/Capacitor_SMD.3dshapes/C_0603_1608Metric.wrl
      (at (xyz 0 0 0))
      (scale (xyz 1 1 1))
      (rotate (xyz 0 0 0))
    )
  )

  (module Capacitor_SMD:C_0603_1608Metric (layer F.Cu) (tedit 5B301BBE) (tstamp 5E4AC172)
    (at 58.130001 97.260001)
    (descr "Capacitor SMD 0603 (1608 Metric), square (rectangular) end terminal, IPC_7351 nominal, (Body size source: http://www.tortai-tech.com/upload/download/2011102023233369053.pdf), generated with kicad-footprint-generator")
    (tags capacitor)
    (path /5E447F2C)
    (attr smd)
    (fp_text reference C7 (at 0 -1.43) (layer F.SilkS)
      (effects (font (size 1 1) (thickness 0.15)))
    )
    (fp_text value 0.1u (at 0 1.43) (layer F.Fab)
      (effects (font (size 1 1) (thickness 0.15)))
    )
    (fp_line (start -0.8 0.4) (end -0.8 -0.4) (layer F.Fab) (width 0.1))
    (fp_line (start -0.8 -0.4) (end 0.8 -0.4) (layer F.Fab) (width 0.1))
    (fp_line (start 0.8 -0.4) (end 0.8 0.4) (layer F.Fab) (width 0.1))
    (fp_line (start 0.8 0.4) (end -0.8 0.4) (layer F.Fab) (width 0.1))
    (fp_line (start -0.162779 -0.51) (end 0.162779 -0.51) (layer F.SilkS) (width 0.12))
    (fp_line (start -0.162779 0.51) (end 0.162779 0.51) (layer F.SilkS) (width 0.12))
    (fp_line (start -1.48 0.73) (end -1.48 -0.73) (layer F.CrtYd) (width 0.05))
    (fp_line (start -1.48 -0.73) (end 1.48 -0.73) (layer F.CrtYd) (width 0.05))
    (fp_line (start 1.48 -0.73) (end 1.48 0.73) (layer F.CrtYd) (width 0.05))
    (fp_line (start 1.48 0.73) (end -1.48 0.73) (layer F.CrtYd) (width 0.05))
    (fp_text user %R (at 0 0) (layer F.Fab)
      (effects (font (size 0.4 0.4) (thickness 0.06)))
    )
    (pad 1 smd roundrect (at -0.7875 0) (size 0.875 0.95) (layers F.Cu F.Paste F.Mask) (roundrect_rratio 0.25)
      (net 4 +3V3))
    (pad 2 smd roundrect (at 0.7875 0) (size 0.875 0.95) (layers F.Cu F.Paste F.Mask) (roundrect_rratio 0.25)
      (net 1 GND))
    (model ${KISYS3DMOD}/Capacitor_SMD.3dshapes/C_0603_1608Metric.wrl
      (at (xyz 0 0 0))
      (scale (xyz 1 1 1))
      (rotate (xyz 0 0 0))
    )
  )

  (module Capacitor_SMD:C_0603_1608Metric (layer B.Cu) (tedit 5B301BBE) (tstamp 5E4AC183)
    (at 193.75 121.8)
    (descr "Capacitor SMD 0603 (1608 Metric), square (rectangular) end terminal, IPC_7351 nominal, (Body size source: http://www.tortai-tech.com/upload/download/2011102023233369053.pdf), generated with kicad-footprint-generator")
    (tags capacitor)
    (path /5E4C0517)
    (attr smd)
    (fp_text reference C8 (at 0 1.43) (layer B.SilkS) hide
      (effects (font (size 1 1) (thickness 0.15)) (justify mirror))
    )
    (fp_text value 0.1u (at 0 -1.15) (layer B.SilkS)
      (effects (font (size 0.8 0.8) (thickness 0.15)) (justify mirror))
    )
    (fp_line (start -0.8 -0.4) (end -0.8 0.4) (layer B.Fab) (width 0.1))
    (fp_line (start -0.8 0.4) (end 0.8 0.4) (layer B.Fab) (width 0.1))
    (fp_line (start 0.8 0.4) (end 0.8 -0.4) (layer B.Fab) (width 0.1))
    (fp_line (start 0.8 -0.4) (end -0.8 -0.4) (layer B.Fab) (width 0.1))
    (fp_line (start -0.162779 0.51) (end 0.162779 0.51) (layer B.SilkS) (width 0.12))
    (fp_line (start -0.162779 -0.51) (end 0.162779 -0.51) (layer B.SilkS) (width 0.12))
    (fp_line (start -1.48 -0.73) (end -1.48 0.73) (layer B.CrtYd) (width 0.05))
    (fp_line (start -1.48 0.73) (end 1.48 0.73) (layer B.CrtYd) (width 0.05))
    (fp_line (start 1.48 0.73) (end 1.48 -0.73) (layer B.CrtYd) (width 0.05))
    (fp_line (start 1.48 -0.73) (end -1.48 -0.73) (layer B.CrtYd) (width 0.05))
    (fp_text user %R (at 0 0) (layer B.Fab)
      (effects (font (size 0.4 0.4) (thickness 0.06)) (justify mirror))
    )
    (pad 1 smd roundrect (at -0.7875 0) (size 0.875 0.95) (layers B.Cu B.Paste B.Mask) (roundrect_rratio 0.25)
      (net 7 "Net-(C8-Pad1)"))
    (pad 2 smd roundrect (at 0.7875 0) (size 0.875 0.95) (layers B.Cu B.Paste B.Mask) (roundrect_rratio 0.25)
      (net 8 "Net-(C8-Pad2)"))
    (model ${KISYS3DMOD}/Capacitor_SMD.3dshapes/C_0603_1608Metric.wrl
      (at (xyz 0 0 0))
      (scale (xyz 1 1 1))
      (rotate (xyz 0 0 0))
    )
  )

  (module Capacitor_SMD:C_0603_1608Metric (layer F.Cu) (tedit 5B301BBE) (tstamp 5E4AC194)
    (at 62.140001 97.260001)
    (descr "Capacitor SMD 0603 (1608 Metric), square (rectangular) end terminal, IPC_7351 nominal, (Body size source: http://www.tortai-tech.com/upload/download/2011102023233369053.pdf), generated with kicad-footprint-generator")
    (tags capacitor)
    (path /5E525C81)
    (attr smd)
    (fp_text reference C9 (at 0 -1.43) (layer F.SilkS)
      (effects (font (size 1 1) (thickness 0.15)))
    )
    (fp_text value 0.1u (at 0 1.43) (layer F.Fab)
      (effects (font (size 1 1) (thickness 0.15)))
    )
    (fp_text user %R (at 0 0) (layer F.Fab)
      (effects (font (size 0.4 0.4) (thickness 0.06)))
    )
    (fp_line (start 1.48 0.73) (end -1.48 0.73) (layer F.CrtYd) (width 0.05))
    (fp_line (start 1.48 -0.73) (end 1.48 0.73) (layer F.CrtYd) (width 0.05))
    (fp_line (start -1.48 -0.73) (end 1.48 -0.73) (layer F.CrtYd) (width 0.05))
    (fp_line (start -1.48 0.73) (end -1.48 -0.73) (layer F.CrtYd) (width 0.05))
    (fp_line (start -0.162779 0.51) (end 0.162779 0.51) (layer F.SilkS) (width 0.12))
    (fp_line (start -0.162779 -0.51) (end 0.162779 -0.51) (layer F.SilkS) (width 0.12))
    (fp_line (start 0.8 0.4) (end -0.8 0.4) (layer F.Fab) (width 0.1))
    (fp_line (start 0.8 -0.4) (end 0.8 0.4) (layer F.Fab) (width 0.1))
    (fp_line (start -0.8 -0.4) (end 0.8 -0.4) (layer F.Fab) (width 0.1))
    (fp_line (start -0.8 0.4) (end -0.8 -0.4) (layer F.Fab) (width 0.1))
    (pad 2 smd roundrect (at 0.7875 0) (size 0.875 0.95) (layers F.Cu F.Paste F.Mask) (roundrect_rratio 0.25)
      (net 1 GND))
    (pad 1 smd roundrect (at -0.7875 0) (size 0.875 0.95) (layers F.Cu F.Paste F.Mask) (roundrect_rratio 0.25)
      (net 9 +12V))
    (model ${KISYS3DMOD}/Capacitor_SMD.3dshapes/C_0603_1608Metric.wrl
      (at (xyz 0 0 0))
      (scale (xyz 1 1 1))
      (rotate (xyz 0 0 0))
    )
  )

  (module Capacitor_SMD:C_0603_1608Metric (layer F.Cu) (tedit 5B301BBE) (tstamp 5E4AC1A5)
    (at 120.030001 72.280001)
    (descr "Capacitor SMD 0603 (1608 Metric), square (rectangular) end terminal, IPC_7351 nominal, (Body size source: http://www.tortai-tech.com/upload/download/2011102023233369053.pdf), generated with kicad-footprint-generator")
    (tags capacitor)
    (path /5E52FF33)
    (attr smd)
    (fp_text reference C10 (at 0 -1.43) (layer F.SilkS)
      (effects (font (size 1 1) (thickness 0.15)))
    )
    (fp_text value 0.1u (at 0 1.43) (layer F.Fab)
      (effects (font (size 1 1) (thickness 0.15)))
    )
    (fp_line (start -0.8 0.4) (end -0.8 -0.4) (layer F.Fab) (width 0.1))
    (fp_line (start -0.8 -0.4) (end 0.8 -0.4) (layer F.Fab) (width 0.1))
    (fp_line (start 0.8 -0.4) (end 0.8 0.4) (layer F.Fab) (width 0.1))
    (fp_line (start 0.8 0.4) (end -0.8 0.4) (layer F.Fab) (width 0.1))
    (fp_line (start -0.162779 -0.51) (end 0.162779 -0.51) (layer F.SilkS) (width 0.12))
    (fp_line (start -0.162779 0.51) (end 0.162779 0.51) (layer F.SilkS) (width 0.12))
    (fp_line (start -1.48 0.73) (end -1.48 -0.73) (layer F.CrtYd) (width 0.05))
    (fp_line (start -1.48 -0.73) (end 1.48 -0.73) (layer F.CrtYd) (width 0.05))
    (fp_line (start 1.48 -0.73) (end 1.48 0.73) (layer F.CrtYd) (width 0.05))
    (fp_line (start 1.48 0.73) (end -1.48 0.73) (layer F.CrtYd) (width 0.05))
    (fp_text user %R (at 0 0) (layer F.Fab)
      (effects (font (size 0.4 0.4) (thickness 0.06)))
    )
    (pad 1 smd roundrect (at -0.7875 0) (size 0.875 0.95) (layers F.Cu F.Paste F.Mask) (roundrect_rratio 0.25)
      (net 9 +12V))
    (pad 2 smd roundrect (at 0.7875 0) (size 0.875 0.95) (layers F.Cu F.Paste F.Mask) (roundrect_rratio 0.25)
      (net 1 GND))
    (model ${KISYS3DMOD}/Capacitor_SMD.3dshapes/C_0603_1608Metric.wrl
      (at (xyz 0 0 0))
      (scale (xyz 1 1 1))
      (rotate (xyz 0 0 0))
    )
  )

  (module Capacitor_SMD:C_0603_1608Metric (layer F.Cu) (tedit 5B301BBE) (tstamp 5E4AC1B6)
    (at 112.150001 80.380001)
    (descr "Capacitor SMD 0603 (1608 Metric), square (rectangular) end terminal, IPC_7351 nominal, (Body size source: http://www.tortai-tech.com/upload/download/2011102023233369053.pdf), generated with kicad-footprint-generator")
    (tags capacitor)
    (path /5E4482A7)
    (attr smd)
    (fp_text reference C11 (at 0 -1.43) (layer F.SilkS)
      (effects (font (size 1 1) (thickness 0.15)))
    )
    (fp_text value 0.1u (at 0 1.43) (layer F.Fab)
      (effects (font (size 1 1) (thickness 0.15)))
    )
    (fp_text user %R (at 0 0) (layer F.Fab)
      (effects (font (size 0.4 0.4) (thickness 0.06)))
    )
    (fp_line (start 1.48 0.73) (end -1.48 0.73) (layer F.CrtYd) (width 0.05))
    (fp_line (start 1.48 -0.73) (end 1.48 0.73) (layer F.CrtYd) (width 0.05))
    (fp_line (start -1.48 -0.73) (end 1.48 -0.73) (layer F.CrtYd) (width 0.05))
    (fp_line (start -1.48 0.73) (end -1.48 -0.73) (layer F.CrtYd) (width 0.05))
    (fp_line (start -0.162779 0.51) (end 0.162779 0.51) (layer F.SilkS) (width 0.12))
    (fp_line (start -0.162779 -0.51) (end 0.162779 -0.51) (layer F.SilkS) (width 0.12))
    (fp_line (start 0.8 0.4) (end -0.8 0.4) (layer F.Fab) (width 0.1))
    (fp_line (start 0.8 -0.4) (end 0.8 0.4) (layer F.Fab) (width 0.1))
    (fp_line (start -0.8 -0.4) (end 0.8 -0.4) (layer F.Fab) (width 0.1))
    (fp_line (start -0.8 0.4) (end -0.8 -0.4) (layer F.Fab) (width 0.1))
    (pad 2 smd roundrect (at 0.7875 0) (size 0.875 0.95) (layers F.Cu F.Paste F.Mask) (roundrect_rratio 0.25)
      (net 1 GND))
    (pad 1 smd roundrect (at -0.7875 0) (size 0.875 0.95) (layers F.Cu F.Paste F.Mask) (roundrect_rratio 0.25)
      (net 4 +3V3))
    (model ${KISYS3DMOD}/Capacitor_SMD.3dshapes/C_0603_1608Metric.wrl
      (at (xyz 0 0 0))
      (scale (xyz 1 1 1))
      (rotate (xyz 0 0 0))
    )
  )

  (module Capacitor_SMD:C_0805_2012Metric (layer B.Cu) (tedit 5B36C52B) (tstamp 5E4AC1C7)
    (at 191 124.3 90)
    (descr "Capacitor SMD 0805 (2012 Metric), square (rectangular) end terminal, IPC_7351 nominal, (Body size source: https://docs.google.com/spreadsheets/d/1BsfQQcO9C6DZCsRaXUlFlo91Tg2WpOkGARC1WS5S8t0/edit?usp=sharing), generated with kicad-footprint-generator")
    (tags capacitor)
    (path /5E4B45DD)
    (attr smd)
    (fp_text reference C12 (at 0 1.65 90) (layer B.SilkS) hide
      (effects (font (size 1 1) (thickness 0.15)) (justify mirror))
    )
    (fp_text value 4.7u (at 2.85 0 90) (layer B.SilkS)
      (effects (font (size 0.8 0.8) (thickness 0.15)) (justify mirror))
    )
    (fp_text user %R (at 0 0 90) (layer B.Fab)
      (effects (font (size 0.5 0.5) (thickness 0.08)) (justify mirror))
    )
    (fp_line (start 1.68 -0.95) (end -1.68 -0.95) (layer B.CrtYd) (width 0.05))
    (fp_line (start 1.68 0.95) (end 1.68 -0.95) (layer B.CrtYd) (width 0.05))
    (fp_line (start -1.68 0.95) (end 1.68 0.95) (layer B.CrtYd) (width 0.05))
    (fp_line (start -1.68 -0.95) (end -1.68 0.95) (layer B.CrtYd) (width 0.05))
    (fp_line (start -0.258578 -0.71) (end 0.258578 -0.71) (layer B.SilkS) (width 0.12))
    (fp_line (start -0.258578 0.71) (end 0.258578 0.71) (layer B.SilkS) (width 0.12))
