(kicad_pcb (version 20171130) (host pcbnew "(5.1.5)-3")

  (general
    (thickness 1.6)
    (drawings 55)
    (tracks 2157)
    (zones 0)
    (modules 230)
    (nets 184)
  )

  (page A4)
  (layers
    (0 F.Cu signal)
    (31 B.Cu signal)
    (32 B.Adhes user)
    (33 F.Adhes user)
    (34 B.Paste user)
    (35 F.Paste user)
    (36 B.SilkS user)
    (37 F.SilkS user)
    (38 B.Mask user)
    (39 F.Mask user)
    (40 Dwgs.User user)
    (41 Cmts.User user)
    (42 Eco1.User user)
    (43 Eco2.User user)
    (44 Edge.Cuts user)
    (45 Margin user)
    (46 B.CrtYd user)
    (47 F.CrtYd user)
    (48 B.Fab user)
    (49 F.Fab user)
  )

  (setup
    (last_trace_width 0.25)
    (user_trace_width 0.3)
    (user_trace_width 0.5)
    (user_trace_width 1)
    (user_trace_width 1.5)
    (trace_clearance 0.2)
    (zone_clearance 0.2)
    (zone_45_only no)
    (trace_min 0.2)
    (via_size 0.8)
    (via_drill 0.4)
    (via_min_size 0.4)
    (via_min_drill 0.3)
    (user_via 0.5 0.3)
    (user_via 1 0.5)
    (user_via 6 3)
    (uvia_size 0.3)
    (uvia_drill 0.1)
    (uvias_allowed no)
    (uvia_min_size 0.2)
    (uvia_min_drill 0.1)
    (edge_width 0.05)
    (segment_width 0.2)
    (pcb_text_width 0.3)
    (pcb_text_size 1.5 1.5)
    (mod_edge_width 0.12)
    (mod_text_size 1 1)
    (mod_text_width 0.15)
    (pad_size 1.524 1.524)
    (pad_drill 0.762)
    (pad_to_mask_clearance 0.051)
    (solder_mask_min_width 0.25)
    (aux_axis_origin 0 0)
    (visible_elements 7FFFFF7F)
    (pcbplotparams
      (layerselection 0x010f0_ffffffff)
      (usegerberextensions false)
      (usegerberattributes false)
      (usegerberadvancedattributes false)
      (creategerberjobfile false)
      (excludeedgelayer true)
      (linewidth 0.100000)
      (plotframeref false)
      (viasonmask false)
      (mode 1)
      (useauxorigin false)
      (hpglpennumber 1)
      (hpglpenspeed 20)
      (hpglpendiameter 15.000000)
      (psnegative false)
      (psa4output false)
      (plotreference true)
      (plotvalue true)
      (plotinvisibletext false)
      (padsonsilk false)
      (subtractmaskfromsilk false)
      (outputformat 1)
      (mirror false)
      (drillshape 0)
      (scaleselection 1)
      (outputdirectory "C:/Users/3Zuta/OneDrive/デスクトップ/Ki-CAD_Project/工大祭/工大祭MD/MD_Enbarr_x2/加工/"))
  )

  (net 0 "")
  (net 1 /OSC_IN)
  (net 2 GND)
  (net 3 /~RST)
  (net 4 /OSC_OUT)
  (net 5 +3V3)
  (net 6 /CAN_Vdd)
  (net 7 "Net-(C13-Pad1)")
  (net 8 "Net-(C14-Pad1)")
  (net 9 "Net-(C15-Pad2)")
  (net 10 "Net-(C16-Pad2)")
  (net 11 /FB_PWR_OUT)
  (net 12 /FB_PWR)
  (net 13 "Net-(C19-Pad1)")
  (net 14 "Net-(C20-Pad1)")
  (net 15 GNDPWR)
  (net 16 +3.3VP)
  (net 17 "Net-(C23-Pad2)")
  (net 18 "Net-(C23-Pad1)")
  (net 19 /Voltage)
  (net 20 /batt)
  (net 21 +12P)
  (net 22 "Net-(C30-Pad1)")
  (net 23 "Net-(C31-Pad1)")
  (net 24 +BATT)
  (net 25 +5V)
  (net 26 "Net-(D2-Pad2)")
  (net 27 "Net-(D3-Pad2)")
  (net 28 "Net-(D4-Pad2)")
  (net 29 +12V)
  (net 30 /PWM0_L)
  (net 31 "Net-(D12-Pad2)")
  (net 32 /PWM0_R)
  (net 33 "Net-(D13-Pad2)")
  (net 34 "Net-(D14-Pad2)")
  (net 35 "Net-(D19-Pad2)")
  (net 36 "Net-(D20-Pad2)")
  (net 37 "Net-(D21-Pad2)")
  (net 38 "Net-(D22-Pad2)")
  (net 39 "Net-(D23-Pad2)")
  (net 40 "Net-(D26-Pad2)")
  (net 41 "Net-(JP1-Pad1)")
  (net 42 /CAN_H)
  (net 43 "Net-(JP2-Pad2)")
  (net 44 /SWCLK)
  (net 45 /SWDIO)
  (net 46 "Net-(P1-Pad6)")
  (net 47 /CAN_L)
  (net 48 /USART2_RX)
  (net 49 /USART2_TX)
  (net 50 /PA4)
  (net 51 "Net-(P7-Pad2)")
  (net 52 "Net-(Q1-Pad4)")
  (net 53 "Net-(Q2-Pad4)")
  (net 54 "Net-(Q3-Pad4)")
  (net 55 "Net-(Q4-Pad4)")
  (net 56 "Net-(R1-Pad1)")
  (net 57 /SW0)
  (net 58 /SW1)
  (net 59 /LED0)
  (net 60 /LED1)
  (net 61 /LED2)
  (net 62 "Net-(R9-Pad2)")
  (net 63 /EN0)
  (net 64 "Net-(R11-Pad1)")
  (net 65 "Net-(R12-Pad1)")
  (net 66 "Net-(R17-Pad2)")
  (net 67 "Net-(R18-Pad2)")
  (net 68 "Net-(R30-Pad2)")
  (net 69 "Net-(R31-Pad2)")
  (net 70 "Net-(R35-Pad1)")
  (net 71 /FB)
  (net 72 /PA8)
  (net 73 "Net-(R40-Pad1)")
  (net 74 "Net-(SW2-Pad1)")
  (net 75 /ADR_1)
  (net 76 /ADR_8)
  (net 77 /ADR_4)
  (net 78 /ADR_2)
  (net 79 /CAN1_RX)
  (net 80 /CAN1_TX)
  (net 81 "Net-(U3-Pad30)")
  (net 82 "Net-(U3-Pad40)")
  (net 83 /USART1_TX)
  (net 84 /USART1_RX)
  (net 85 /PA11)
  (net 86 "Net-(U3-Pad45)")
  (net 87 "Net-(U3-Pad51)")
  (net 88 "Net-(U3-Pad54)")
  (net 89 "Net-(U3-Pad55)")
  (net 90 "Net-(U3-Pad59)")
  (net 91 "Net-(U4-Pad13)")
  (net 92 "Net-(U4-Pad12)")
  (net 93 "Net-(U4-Pad7)")
  (net 94 "Net-(U4-Pad2)")
  (net 95 "Net-(U5-Pad6)")
  (net 96 "Net-(U5-Pad11)")
  (net 97 "Net-(U5-Pad14)")
  (net 98 "Net-(U5-Pad15)")
  (net 99 "Net-(U10-Pad2)")
  (net 100 "Net-(U10-Pad7)")
  (net 101 "Net-(U10-Pad12)")
  (net 102 "Net-(U10-Pad13)")
  (net 103 "Net-(D27-Pad2)")
  (net 104 "Net-(C26-Pad2)")
  (net 105 "Net-(P11-Pad4)")
  (net 106 "Net-(P11-Pad3)")
  (net 107 /TIM3_CH1)
  (net 108 /TIM3_CH2)
  (net 109 "Net-(C39-Pad1)")
  (net 110 "Net-(C39-Pad2)")
  (net 111 /ADC_~RST)
  (net 112 "Net-(D7-Pad1)")
  (net 113 "Net-(D8-Pad1)")
  (net 114 "Net-(D9-Pad1)")
  (net 115 "Net-(D32-Pad2)")
  (net 116 "Net-(D33-Pad2)")
  (net 117 "Net-(D34-Pad2)")
  (net 118 /OUT0_L)
  (net 119 "Net-(C21-Pad2)")
  (net 120 /CounterVoltage0)
  (net 121 /OUT0_R)
  (net 122 "Net-(C44-Pad2)")
  (net 123 "Net-(C47-Pad1)")
  (net 124 /OUT1_L)
  (net 125 "Net-(C48-Pad1)")
  (net 126 /Current1)
  (net 127 /Current0)
  (net 128 /OUT1_R)
  (net 129 /CounterVoltage1)
  (net 130 "Net-(C52-Pad1)")
  (net 131 "Net-(C53-Pad1)")
  (net 132 /PWM1_R)
  (net 133 "Net-(D17-Pad2)")
  (net 134 /MOTOR0_BATT)
  (net 135 "Net-(D35-Pad2)")
  (net 136 /PWM1_L)
  (net 137 "Net-(D36-Pad2)")
  (net 138 "Net-(D37-Pad2)")
  (net 139 /LED3)
  (net 140 "Net-(D39-Pad1)")
  (net 141 "Net-(D40-Pad1)")
  (net 142 /LED4)
  (net 143 "Net-(D41-Pad2)")
  (net 144 "Net-(D42-Pad2)")
  (net 145 "Net-(D43-Pad2)")
  (net 146 "Net-(D44-Pad2)")
  (net 147 /MOTOR1_BATT)
  (net 148 "Net-(D47-Pad2)")
  (net 149 "Net-(D50-Pad2)")
  (net 150 "Net-(D51-Pad2)")
  (net 151 "Net-(P13-Pad3)")
  (net 152 "Net-(P13-Pad4)")
  (net 153 "Net-(Q5-Pad4)")
  (net 154 "Net-(Q6-Pad4)")
  (net 155 "Net-(Q7-Pad4)")
  (net 156 "Net-(Q8-Pad4)")
  (net 157 /TIM5_CH1)
  (net 158 /TIM5_CH2)
  (net 159 /EN1)
  (net 160 "Net-(R54-Pad1)")
  (net 161 "Net-(R55-Pad2)")
  (net 162 "Net-(R56-Pad2)")
  (net 163 "Net-(R57-Pad1)")
  (net 164 "Net-(R60-Pad1)")
  (net 165 "Net-(R65-Pad2)")
  (net 166 "Net-(R66-Pad2)")
  (net 167 "Net-(R67-Pad1)")
  (net 168 "Net-(U3-Pad8)")
  (net 169 "Net-(U3-Pad9)")
  (net 170 "Net-(U8-Pad13)")
  (net 171 "Net-(U8-Pad12)")
  (net 172 "Net-(U8-Pad7)")
  (net 173 "Net-(U8-Pad2)")
  (net 174 "Net-(U14-Pad2)")
  (net 175 "Net-(U14-Pad7)")
  (net 176 "Net-(U14-Pad12)")
  (net 177 "Net-(U14-Pad13)")
  (net 178 "Net-(C55-Pad2)")
  (net 179 /PA5)
  (net 180 /PA15)
  (net 181 "Net-(U3-Pad52)")
  (net 182 "Net-(U3-Pad53)")
  (net 183 /MODE)

  (net_class Default "これはデフォルトのネット クラスです。"
    (clearance 0.2)
    (trace_width 0.25)
    (via_dia 0.8)
    (via_drill 0.4)
    (uvia_dia 0.3)
    (uvia_drill 0.1)
    (add_net +12P)
    (add_net +12V)
    (add_net +3.3VP)
    (add_net +3V3)
    (add_net +5V)
    (add_net +BATT)
    (add_net /ADC_~RST)
    (add_net /ADR_1)
    (add_net /ADR_2)
    (add_net /ADR_4)
    (add_net /ADR_8)
    (add_net /CAN1_RX)
    (add_net /CAN1_TX)
    (add_net /CAN_H)
    (add_net /CAN_L)
    (add_net /CAN_Vdd)
    (add_net /CounterVoltage0)
    (add_net /CounterVoltage1)
    (add_net /Current0)
    (add_net /Current1)
    (add_net /EN0)
    (add_net /EN1)
    (add_net /FB)
    (add_net /FB_PWR)
    (add_net /FB_PWR_OUT)
    (add_net /LED0)
    (add_net /LED1)
    (add_net /LED2)
    (add_net /LED3)
    (add_net /LED4)
    (add_net /MODE)
    (add_net /MOTOR0_BATT)
    (add_net /MOTOR1_BATT)
    (add_net /OSC_IN)
    (add_net /OSC_OUT)
    (add_net /OUT0_L)
    (add_net /OUT0_R)
    (add_net /OUT1_L)
    (add_net /OUT1_R)
    (add_net /PA11)
    (add_net /PA15)
    (add_net /PA4)
    (add_net /PA5)
    (add_net /PA8)
    (add_net /PWM0_L)
    (add_net /PWM0_R)
    (add_net /PWM1_L)
    (add_net /PWM1_R)
    (add_net /SW0)
    (add_net /SW1)
    (add_net /SWCLK)
    (add_net /SWDIO)
    (add_net /TIM3_CH1)
    (add_net /TIM3_CH2)
    (add_net /TIM5_CH1)
    (add_net /TIM5_CH2)
    (add_net /USART1_RX)
    (add_net /USART1_TX)
    (add_net /USART2_RX)
    (add_net /USART2_TX)
    (add_net /Voltage)
    (add_net /batt)
    (add_net /~RST)
    (add_net GND)
    (add_net GNDPWR)
    (add_net "Net-(C13-Pad1)")
    (add_net "Net-(C14-Pad1)")
    (add_net "Net-(C15-Pad2)")
    (add_net "Net-(C16-Pad2)")
    (add_net "Net-(C19-Pad1)")
    (add_net "Net-(C20-Pad1)")
    (add_net "Net-(C21-Pad2)")
    (add_net "Net-(C23-Pad1)")
    (add_net "Net-(C23-Pad2)")
    (add_net "Net-(C26-Pad2)")
    (add_net "Net-(C30-Pad1)")
    (add_net "Net-(C31-Pad1)")
    (add_net "Net-(C39-Pad1)")
    (add_net "Net-(C39-Pad2)")
    (add_net "Net-(C44-Pad2)")
    (add_net "Net-(C47-Pad1)")
    (add_net "Net-(C48-Pad1)")
    (add_net "Net-(C52-Pad1)")
    (add_net "Net-(C53-Pad1)")
    (add_net "Net-(C55-Pad2)")
    (add_net "Net-(D12-Pad2)")
    (add_net "Net-(D13-Pad2)")
    (add_net "Net-(D14-Pad2)")
    (add_net "Net-(D17-Pad2)")
    (add_net "Net-(D19-Pad2)")
    (add_net "Net-(D2-Pad2)")
    (add_net "Net-(D20-Pad2)")
    (add_net "Net-(D21-Pad2)")
    (add_net "Net-(D22-Pad2)")
    (add_net "Net-(D23-Pad2)")
    (add_net "Net-(D26-Pad2)")
    (add_net "Net-(D27-Pad2)")
    (add_net "Net-(D3-Pad2)")
    (add_net "Net-(D32-Pad2)")
    (add_net "Net-(D33-Pad2)")
    (add_net "Net-(D34-Pad2)")
    (add_net "Net-(D35-Pad2)")
    (add_net "Net-(D36-Pad2)")
    (add_net "Net-(D37-Pad2)")
    (add_net "Net-(D39-Pad1)")
    (add_net "Net-(D4-Pad2)")
    (add_net "Net-(D40-Pad1)")
    (add_net "Net-(D41-Pad2)")
    (add_net "Net-(D42-Pad2)")
    (add_net "Net-(D43-Pad2)")
    (add_net "Net-(D44-Pad2)")
    (add_net "Net-(D47-Pad2)")
    (add_net "Net-(D50-Pad2)")
    (add_net "Net-(D51-Pad2)")
    (add_net "Net-(D7-Pad1)")
    (add_net "Net-(D8-Pad1)")
    (add_net "Net-(D9-Pad1)")
    (add_net "Net-(JP1-Pad1)")
    (add_net "Net-(JP2-Pad2)")
    (add_net "Net-(P1-Pad6)")
    (add_net "Net-(P11-Pad3)")
    (add_net "Net-(P11-Pad4)")
    (add_net "Net-(P13-Pad3)")
    (add_net "Net-(P13-Pad4)")
    (add_net "Net-(P7-Pad2)")
    (add_net "Net-(Q1-Pad4)")
    (add_net "Net-(Q2-Pad4)")
    (add_net "Net-(Q3-Pad4)")
    (add_net "Net-(Q4-Pad4)")
    (add_net "Net-(Q5-Pad4)")
    (add_net "Net-(Q6-Pad4)")
    (add_net "Net-(Q7-Pad4)")
    (add_net "Net-(Q8-Pad4)")
    (add_net "Net-(R1-Pad1)")
    (add_net "Net-(R11-Pad1)")
    (add_net "Net-(R12-Pad1)")
    (add_net "Net-(R17-Pad2)")
    (add_net "Net-(R18-Pad2)")
    (add_net "Net-(R30-Pad2)")
    (add_net "Net-(R31-Pad2)")
    (add_net "Net-(R35-Pad1)")
    (add_net "Net-(R40-Pad1)")
    (add_net "Net-(R54-Pad1)")
    (add_net "Net-(R55-Pad2)")
    (add_net "Net-(R56-Pad2)")
    (add_net "Net-(R57-Pad1)")
    (add_net "Net-(R60-Pad1)")
    (add_net "Net-(R65-Pad2)")
    (add_net "Net-(R66-Pad2)")
    (add_net "Net-(R67-Pad1)")
    (add_net "Net-(R9-Pad2)")
    (add_net "Net-(SW2-Pad1)")
    (add_net "Net-(U10-Pad12)")
    (add_net "Net-(U10-Pad13)")
    (add_net "Net-(U10-Pad2)")
    (add_net "Net-(U10-Pad7)")
    (add_net "Net-(U14-Pad12)")
    (add_net "Net-(U14-Pad13)")
    (add_net "Net-(U14-Pad2)")
    (add_net "Net-(U14-Pad7)")
    (add_net "Net-(U3-Pad30)")
    (add_net "Net-(U3-Pad40)")
    (add_net "Net-(U3-Pad45)")
    (add_net "Net-(U3-Pad51)")
    (add_net "Net-(U3-Pad52)")
    (add_net "Net-(U3-Pad53)")
    (add_net "Net-(U3-Pad54)")
    (add_net "Net-(U3-Pad55)")
    (add_net "Net-(U3-Pad59)")
    (add_net "Net-(U3-Pad8)")
    (add_net "Net-(U3-Pad9)")
    (add_net "Net-(U4-Pad12)")
    (add_net "Net-(U4-Pad13)")
    (add_net "Net-(U4-Pad2)")
    (add_net "Net-(U4-Pad7)")
    (add_net "Net-(U5-Pad11)")
    (add_net "Net-(U5-Pad14)")
    (add_net "Net-(U5-Pad15)")
    (add_net "Net-(U5-Pad6)")
    (add_net "Net-(U8-Pad12)")
    (add_net "Net-(U8-Pad13)")
    (add_net "Net-(U8-Pad2)")
    (add_net "Net-(U8-Pad7)")
  )

  (module Mizz_lib:XT60_F (layer F.Cu) (tedit 5D00BA1D) (tstamp 5D8A7139)
    (at 119.5 67.1)
    (path /5E21F3C0)
    (fp_text reference P10 (at 0 3) (layer F.Fab)
      (effects (font (size 1 1) (thickness 0.15)))
    )
    (fp_text value OUT_1 (at 0 -5.75 unlocked) (layer F.SilkS)
      (effects (font (size 2 2) (thickness 0.5)))
    )
    (fp_line (start 8 -4) (end 8 4) (layer F.SilkS) (width 0.15))
    (fp_line (start -8 -1.5) (end -8 1.5) (layer F.SilkS) (width 0.15))
    (fp_line (start -5 -4) (end 8 -4) (layer F.SilkS) (width 0.15))
    (fp_line (start -8 -1.5) (end -5 -4) (layer F.SilkS) (width 0.15))
    (fp_line (start -5 4) (end 8 4) (layer F.SilkS) (width 0.15))
    (fp_line (start -8 1.5) (end -5 4) (layer F.SilkS) (width 0.15))
    (pad 2 thru_hole circle (at 3.5 0) (size 6.5 6.5) (drill 4.5) (layers *.Cu *.Mask F.SilkS)
      (net 128 /OUT1_R))
    (pad 1 thru_hole circle (at -3.5 0) (size 6.5 6.5) (drill 4.5) (layers *.Cu *.Mask F.SilkS)
      (net 124 /OUT1_L))
    (model "C:/Users/81906/Documents/Ki-Cad_Lib/3Dmodel/XT60_f/XT60 Buchse.stp"
      (at (xyz 0 0 0))
      (scale (xyz 1 1 1))
      (rotate (xyz 0 0 0))
    )
  )

  (module Resistor_SMD:R_0603_1608Metric (layer B.Cu) (tedit 5B301BBD) (tstamp 5D89DA34)
    (at 97.5 126.8 270)
    (descr "Resistor SMD 0603 (1608 Metric), square (rectangular) end terminal, IPC_7351 nominal, (Body size source: http://www.tortai-tech.com/upload/download/2011102023233369053.pdf), generated with kicad-footprint-generator")
    (tags resistor)
    (path /5DD2B27E)
    (attr smd)
    (fp_text reference R24 (at 0 1.43 90) (layer B.SilkS) hide
      (effects (font (size 1 1) (thickness 0.15)) (justify mirror))
    )
    (fp_text value 1k (at -2.1 0 90) (layer B.SilkS)
      (effects (font (size 0.8 0.8) (thickness 0.15)) (justify mirror))
    )
    (fp_line (start -0.8 -0.4) (end -0.8 0.4) (layer B.Fab) (width 0.1))
    (fp_line (start -0.8 0.4) (end 0.8 0.4) (layer B.Fab) (width 0.1))
    (fp_line (start 0.8 0.4) (end 0.8 -0.4) (layer B.Fab) (width 0.1))
    (fp_line (start 0.8 -0.4) (end -0.8 -0.4) (layer B.Fab) (width 0.1))
    (fp_line (start -0.162779 0.51) (end 0.162779 0.51) (layer B.SilkS) (width 0.12))
    (fp_line (start -0.162779 -0.51) (end 0.162779 -0.51) (layer B.SilkS) (width 0.12))
    (fp_line (start -1.48 -0.73) (end -1.48 0.73) (layer B.CrtYd) (width 0.05))
    (fp_line (start -1.48 0.73) (end 1.48 0.73) (layer B.CrtYd) (width 0.05))
    (fp_line (start 1.48 0.73) (end 1.48 -0.73) (layer B.CrtYd) (width 0.05))
    (fp_line (start 1.48 -0.73) (end -1.48 -0.73) (layer B.CrtYd) (width 0.05))
    (fp_text user %R (at 0 0 90) (layer B.Fab)
      (effects (font (size 0.4 0.4) (thickness 0.06)) (justify mirror))
    )
    (pad 1 smd roundrect (at -0.7875 0 270) (size 0.875 0.95) (layers B.Cu B.Paste B.Mask) (roundrect_rratio 0.25)
      (net 5 +3V3))
    (pad 2 smd roundrect (at 0.7875 0 270) (size 0.875 0.95) (layers B.Cu B.Paste B.Mask) (roundrect_rratio 0.25)
      (net 151 "Net-(P13-Pad3)"))
    (model ${KISYS3DMOD}/Resistor_SMD.3dshapes/R_0603_1608Metric.wrl
      (at (xyz 0 0 0))
      (scale (xyz 1 1 1))
      (rotate (xyz 0 0 0))
    )
  )

  (module Package_TO_SOT_SMD:TDSON-8-1 (layer B.Cu) (tedit 5A70FA3B) (tstamp 5D8B00A4)
    (at 96.59 60.25 270)
    (descr "Power MOSFET package, TDSON-8-1, SuperS08, SON-8_5x6mm")
    (tags "tdson ")
    (path /5E10E6BC)
    (attr smd)
    (fp_text reference Q2 (at 0 -4 90) (layer B.SilkS) hide
      (effects (font (size 1 1) (thickness 0.15)) (justify mirror))
    )
    (fp_text value BSC014N06 (at 0 4 90) (layer B.Fab)
      (effects (font (size 1 1) (thickness 0.15)) (justify mirror))
    )
    (fp_line (start -2 2.6) (end -3 1.6) (layer B.Fab) (width 0.1))
    (fp_line (start 2.6 -2.8) (end -2.6 -2.8) (layer B.SilkS) (width 0.12))
    (fp_line (start 3 2.8) (end -3.6 2.8) (layer B.SilkS) (width 0.12))
    (fp_line (start 3.75 -3) (end 3.75 3) (layer B.CrtYd) (width 0.05))
    (fp_line (start 3.75 3) (end -3.75 3) (layer B.CrtYd) (width 0.05))
    (fp_line (start -3.75 3) (end -3.75 -3) (layer B.CrtYd) (width 0.05))
    (fp_line (start -3.75 -3) (end 3.75 -3) (layer B.CrtYd) (width 0.05))
    (fp_line (start 3 2.6) (end 3 -2.6) (layer B.Fab) (width 0.1))
    (fp_line (start 3 -2.6) (end -3 -2.6) (layer B.Fab) (width 0.1))
    (fp_line (start -3 -2.6) (end -3 1.6) (layer B.Fab) (width 0.1))
    (fp_line (start -2 2.6) (end 3 2.6) (layer B.Fab) (width 0.1))
    (fp_line (start -3.6 2.8) (end -3.6 2.4) (layer B.SilkS) (width 0.12))
    (fp_text user %R (at 0 1 90) (layer B.Fab)
      (effects (font (size 1 1) (thickness 0.15)) (justify mirror))
    )
    (pad "" smd rect (at -0.75 -1.09) (size 1.55 1.2) (layers B.Paste))
    (pad "" smd rect (at -0.75 1.09) (size 1.55 1.2) (layers B.Paste))
    (pad "" smd rect (at 1.25 -1.09) (size 1.55 1.6) (layers B.Paste))
    (pad "" smd rect (at 1.25 1.09) (size 1.55 1.6) (layers B.Paste))
    (pad 5 smd rect (at 0.5 0) (size 4.5 4.29) (layers B.Cu B.Mask)
      (net 118 /OUT0_L))
    (pad 5 smd rect (at 2.75 1.91) (size 0.7 0.8) (layers B.Cu B.Paste B.Mask)
      (net 118 /OUT0_L))
    (pad 5 smd rect (at 2.75 0.64) (size 0.7 0.8) (layers B.Cu B.Paste B.Mask)
      (net 118 /OUT0_L))
    (pad 5 smd rect (at 2.75 -0.64) (size 0.7 0.8) (layers B.Cu B.Paste B.Mask)
      (net 118 /OUT0_L))
    (pad 5 smd rect (at 2.75 -1.91) (size 0.7 0.8) (layers B.Cu B.Paste B.Mask)
      (net 118 /OUT0_L))
    (pad 4 smd rect (at -2.75 -1.91) (size 0.7 0.8) (layers B.Cu B.Paste B.Mask)
      (net 53 "Net-(Q2-Pad4)"))
    (pad 3 smd rect (at -2.75 -0.64) (size 0.7 0.8) (layers B.Cu B.Paste B.Mask)
      (net 15 GNDPWR))
    (pad 2 smd rect (at -2.75 0.64) (size 0.7 0.8) (layers B.Cu B.Paste B.Mask)
      (net 15 GNDPWR))
    (pad 1 smd rect (at -2.75 1.91) (size 0.7 0.8) (layers B.Cu B.Paste B.Mask)
      (net 15 GNDPWR))
    (model ${KISYS3DMOD}/Package_TO_SOT_SMD.3dshapes/TDSON-8-1.wrl
      (at (xyz 0 0 0))
      (scale (xyz 1 1 1))
      (rotate (xyz 0 0 0))
    )
  )

  (module Mizz_lib:Crystal_SMD_5032_2Pads (layer F.Cu) (tedit 5D11F91C) (tstamp 5D8FA4AD)
    (at 97.5 114.4 315)
    (descr "Ceramic SMD crystal, 5.0x3.2mm, 2 Pads")
    (tags "crystal oscillator quartz SMD SMT 5032")
    (path /5E0F254C)
    (attr smd)
    (fp_text reference Y1 (at 0 -2.8 135) (layer F.SilkS) hide
      (effects (font (size 1 1) (thickness 0.15)))
    )
    (fp_text value 8MHz (at 0 0 45) (layer F.SilkS)
      (effects (font (size 0.8 0.8) (thickness 0.15)))
    )
    (fp_line (start 3.6 2.2) (end 3.6 -2.2) (layer F.CrtYd) (width 0.05))
    (fp_line (start -3.6 2.2) (end 3.6 2.2) (layer F.CrtYd) (width 0.05))
    (fp_line (start -3.6 -2.2) (end -3.6 2.2) (layer F.CrtYd) (width 0.05))
    (fp_line (start 3.6 -2.2) (end -3.6 -2.2) (layer F.CrtYd) (width 0.05))
    (fp_line (start 2.6 1.7) (end -1.7 1.7) (layer F.SilkS) (width 0.15))
    (fp_line (start -2.65 -1.7) (end 2.6 -1.7) (layer F.SilkS) (width 0.15))
    (pad 1 smd rect (at -2.05 0 315) (size 2 2.4) (layers F.Cu F.Paste F.Mask)
      (net 1 /OSC_IN))
    (pad 2 smd rect (at 2.05 0 315) (size 2 2.4) (layers F.Cu F.Paste F.Mask)
      (net 4 /OSC_OUT))
    (model ${KISYS3DMOD}/Crystal.3dshapes/Crystal_SMD_TXC_AX_8045-2Pin_8.0x4.5mm.step
      (at (xyz 0 0 0))
      (scale (xyz 0.7 0.7 0.7))
      (rotate (xyz 0 0 0))
    )
  )

  (module Capacitor_SMD:C_0603_1608Metric (layer F.Cu) (tedit 5B301BBE) (tstamp 5D8FA482)
    (at 94.81 115.35 135)
    (descr "Capacitor SMD 0603 (1608 Metric), square (rectangular) end terminal, IPC_7351 nominal, (Body size source: http://www.tortai-tech.com/upload/download/2011102023233369053.pdf), generated with kicad-footprint-generator")
    (tags capacitor)
    (path /5E0F2D1A)
    (attr smd)
    (fp_text reference C1 (at 0 -1.43 135) (layer F.SilkS) hide
      (effects (font (size 1 1) (thickness 0.15)))
    )
    (fp_text value 22p (at -0.021213 -1.407142 135) (layer F.SilkS)
      (effects (font (size 0.8 0.8) (thickness 0.15)))
    )
    (fp_text user %R (at 0 0 135) (layer F.Fab)
      (effects (font (size 0.4 0.4) (thickness 0.06)))
    )
    (fp_line (start 1.48 0.73) (end -1.48 0.73) (layer F.CrtYd) (width 0.05))
    (fp_line (start 1.48 -0.73) (end 1.48 0.73) (layer F.CrtYd) (width 0.05))
    (fp_line (start -1.48 -0.73) (end 1.48 -0.73) (layer F.CrtYd) (width 0.05))
    (fp_line (start -1.48 0.73) (end -1.48 -0.73) (layer F.CrtYd) (width 0.05))
    (fp_line (start -0.162779 0.51) (end 0.162779 0.51) (layer F.SilkS) (width 0.12))
    (fp_line (start -0.162779 -0.51) (end 0.162779 -0.51) (layer F.SilkS) (width 0.12))
    (fp_line (start 0.8 0.4) (end -0.8 0.4) (layer F.Fab) (width 0.1))
    (fp_line (start 0.8 -0.4) (end 0.8 0.4) (layer F.Fab) (width 0.1))
    (fp_line (start -0.8 -0.4) (end 0.8 -0.4) (layer F.Fab) (width 0.1))
    (fp_line (start -0.8 0.4) (end -0.8 -0.4) (layer F.Fab) (width 0.1))
    (pad 2 smd roundrect (at 0.7875 0 135) (size 0.875 0.95) (layers F.Cu F.Paste F.Mask) (roundrect_rratio 0.25)
      (net 1 /OSC_IN))
    (pad 1 smd roundrect (at -0.7875 0 135) (size 0.875 0.95) (layers F.Cu F.Paste F.Mask) (roundrect_rratio 0.25)
      (net 2 GND))
    (model ${KISYS3DMOD}/Capacitor_SMD.3dshapes/C_0603_1608Metric.wrl
      (at (xyz 0 0 0))
      (scale (xyz 1 1 1))
      (rotate (xyz 0 0 0))
    )
  )

  (module Capacitor_SMD:C_0603_1608Metric (layer B.Cu) (tedit 5B301BBE) (tstamp 5D7BE31F)
    (at 138.4 129.85 90)
    (descr "Capacitor SMD 0603 (1608 Metric), square (rectangular) end terminal, IPC_7351 nominal, (Body size source: http://www.tortai-tech.com/upload/download/2011102023233369053.pdf), generated with kicad-footprint-generator")
    (tags capacitor)
    (path /5E0EEE65)
    (attr smd)
    (fp_text reference C2 (at 0 1.43 90) (layer B.SilkS) hide
      (effects (font (size 1 1) (thickness 0.15)) (justify mirror))
    )
    (fp_text value 0.1u (at 0 -1.43 90) (layer B.SilkS)
      (effects (font (size 1 1) (thickness 0.15)) (justify mirror))
    )
    (fp_line (start -0.8 -0.4) (end -0.8 0.4) (layer B.Fab) (width 0.1))
    (fp_line (start -0.8 0.4) (end 0.8 0.4) (layer B.Fab) (width 0.1))
    (fp_line (start 0.8 0.4) (end 0.8 -0.4) (layer B.Fab) (width 0.1))
    (fp_line (start 0.8 -0.4) (end -0.8 -0.4) (layer B.Fab) (width 0.1))
    (fp_line (start -0.162779 0.51) (end 0.162779 0.51) (layer B.SilkS) (width 0.12))
    (fp_line (start -0.162779 -0.51) (end 0.162779 -0.51) (layer B.SilkS) (width 0.12))
    (fp_line (start -1.48 -0.73) (end -1.48 0.73) (layer B.CrtYd) (width 0.05))
    (fp_line (start -1.48 0.73) (end 1.48 0.73) (layer B.CrtYd) (width 0.05))
    (fp_line (start 1.48 0.73) (end 1.48 -0.73) (layer B.CrtYd) (width 0.05))
    (fp_line (start 1.48 -0.73) (end -1.48 -0.73) (layer B.CrtYd) (width 0.05))
    (fp_text user %R (at 0 0 90) (layer B.Fab)
      (effects (font (size 0.4 0.4) (thickness 0.06)) (justify mirror))
    )
    (pad 1 smd roundrect (at -0.7875 0 90) (size 0.875 0.95) (layers B.Cu B.Paste B.Mask) (roundrect_rratio 0.25)
      (net 2 GND))
    (pad 2 smd roundrect (at 0.7875 0 90) (size 0.875 0.95) (layers B.Cu B.Paste B.Mask) (roundrect_rratio 0.25)
      (net 3 /~RST))
    (model ${KISYS3DMOD}/Capacitor_SMD.3dshapes/C_0603_1608Metric.wrl
      (at (xyz 0 0 0))
      (scale (xyz 1 1 1))
      (rotate (xyz 0 0 0))
    )
  )

  (module Capacitor_SMD:C_0603_1608Metric (layer F.Cu) (tedit 5B301BBE) (tstamp 5D8FB24B)
    (at 96.52 117.06 315)
    (descr "Capacitor SMD 0603 (1608 Metric), square (rectangular) end terminal, IPC_7351 nominal, (Body size source: http://www.tortai-tech.com/upload/download/2011102023233369053.pdf), generated with kicad-footprint-generator")
    (tags capacitor)
    (path /5E0F33A8)
    (attr smd)
    (fp_text reference C3 (at 0 -1.43 135) (layer F.SilkS) hide
      (effects (font (size 1 1) (thickness 0.15)))
    )
    (fp_text value 22p (at 0 1.442498 135) (layer F.SilkS)
      (effects (font (size 0.8 0.8) (thickness 0.15)))
    )
    (fp_line (start -0.8 0.4) (end -0.8 -0.4) (layer F.Fab) (width 0.1))
    (fp_line (start -0.8 -0.4) (end 0.8 -0.4) (layer F.Fab) (width 0.1))
    (fp_line (start 0.8 -0.4) (end 0.8 0.4) (layer F.Fab) (width 0.1))
    (fp_line (start 0.8 0.4) (end -0.8 0.4) (layer F.Fab) (width 0.1))
    (fp_line (start -0.162779 -0.51) (end 0.162779 -0.51) (layer F.SilkS) (width 0.12))
    (fp_line (start -0.162779 0.51) (end 0.162779 0.51) (layer F.SilkS) (width 0.12))
    (fp_line (start -1.48 0.73) (end -1.48 -0.73) (layer F.CrtYd) (width 0.05))
    (fp_line (start -1.48 -0.73) (end 1.48 -0.73) (layer F.CrtYd) (width 0.05))
    (fp_line (start 1.48 -0.73) (end 1.48 0.73) (layer F.CrtYd) (width 0.05))
    (fp_line (start 1.48 0.73) (end -1.48 0.73) (layer F.CrtYd) (width 0.05))
    (fp_text user %R (at 0 0 135) (layer F.Fab)
      (effects (font (size 0.4 0.4) (thickness 0.06)))
    )
    (pad 1 smd roundrect (at -0.7875 0 315) (size 0.875 0.95) (layers F.Cu F.Paste F.Mask) (roundrect_rratio 0.25)
      (net 2 GND))
    (pad 2 smd roundrect (at 0.7875 0 315) (size 0.875 0.95) (layers F.Cu F.Paste F.Mask) (roundrect_rratio 0.25)
      (net 4 /OSC_OUT))
    (model ${KISYS3DMOD}/Capacitor_SMD.3dshapes/C_0603_1608Metric.wrl
      (at (xyz 0 0 0))
      (scale (xyz 1 1 1))
      (rotate (xyz 0 0 0))
    )
  )

  (module Capacitor_SMD:C_0603_1608Metric (layer B.Cu) (tedit 5B301BBE) (tstamp 5D95BA37)
    (at 136.25 121.75 90)
    (descr "Capacitor SMD 0603 (1608 Metric), square (rectangular) end terminal, IPC_7351 nominal, (Body size source: http://www.tortai-tech.com/upload/download/2011102023233369053.pdf), generated with kicad-footprint-generator")
    (tags capacitor)
    (path /5E1B35E2)
    (attr smd)
    (fp_text reference C4 (at 0 1.43 90) (layer B.SilkS) hide
      (effects (font (size 1 1) (thickness 0.15)) (justify mirror))
    )
    (fp_text value 0.1u (at -2.7 0 90) (layer B.SilkS)
      (effects (font (size 0.8 0.8) (thickness 0.15)) (justify mirror))
    )
    (fp_line (start -0.8 -0.4) (end -0.8 0.4) (layer B.Fab) (width 0.1))
    (fp_line (start -0.8 0.4) (end 0.8 0.4) (layer B.Fab) (width 0.1))
    (fp_line (start 0.8 0.4) (end 0.8 -0.4) (layer B.Fab) (width 0.1))
    (fp_line (start 0.8 -0.4) (end -0.8 -0.4) (layer B.Fab) (width 0.1))
    (fp_line (start -0.162779 0.51) (end 0.162779 0.51) (layer B.SilkS) (width 0.12))
    (fp_line (start -0.162779 -0.51) (end 0.162779 -0.51) (layer B.SilkS) (width 0.12))
    (fp_line (start -1.48 -0.73) (end -1.48 0.73) (layer B.CrtYd) (width 0.05))
    (fp_line (start -1.48 0.73) (end 1.48 0.73) (layer B.CrtYd) (width 0.05))
    (fp_line (start 1.48 0.73) (end 1.48 -0.73) (layer B.CrtYd) (width 0.05))
    (fp_line (start 1.48 -0.73) (end -1.48 -0.73) (layer B.CrtYd) (width 0.05))
    (fp_text user %R (at 0 0 90) (layer B.Fab)
      (effects (font (size 0.4 0.4) (thickness 0.06)) (justify mirror))
    )
    (pad 1 smd roundrect (at -0.7875 0 90) (size 0.875 0.95) (layers B.Cu B.Paste B.Mask) (roundrect_rratio 0.25)
      (net 2 GND))
    (pad 2 smd roundrect (at 0.7875 0 90) (size 0.875 0.95) (layers B.Cu B.Paste B.Mask) (roundrect_rratio 0.25)
      (net 119 "Net-(C21-Pad2)"))
    (model ${KISYS3DMOD}/Capacitor_SMD.3dshapes/C_0603_1608Metric.wrl
      (at (xyz 0 0 0))
      (scale (xyz 1 1 1))
      (rotate (xyz 0 0 0))
    )
  )

  (module Capacitor_SMD:C_0603_1608Metric (layer B.Cu) (tedit 5B301BBE) (tstamp 5D8B8715)
    (at 109 117.5 315)
    (descr "Capacitor SMD 0603 (1608 Metric), square (rectangular) end terminal, IPC_7351 nominal, (Body size source: http://www.tortai-tech.com/upload/download/2011102023233369053.pdf), generated with kicad-footprint-generator")
    (tags capacitor)
    (path /5E0EA930)
    (attr smd)
    (fp_text reference C5 (at 0 1.43 135) (layer B.SilkS) hide
      (effects (font (size 1 1) (thickness 0.15)) (justify mirror))
    )
    (fp_text value 0.1u (at 0 -1.25 135) (layer B.SilkS)
      (effects (font (size 0.8 0.8) (thickness 0.15)) (justify mirror))
    )
    (fp_line (start -0.8 -0.4) (end -0.8 0.4) (layer B.Fab) (width 0.1))
    (fp_line (start -0.8 0.4) (end 0.8 0.4) (layer B.Fab) (width 0.1))
    (fp_line (start 0.8 0.4) (end 0.8 -0.4) (layer B.Fab) (width 0.1))
    (fp_line (start 0.8 -0.4) (end -0.8 -0.4) (layer B.Fab) (width 0.1))
    (fp_line (start -0.162779 0.51) (end 0.162779 0.51) (layer B.SilkS) (width 0.12))
    (fp_line (start -0.162779 -0.51) (end 0.162779 -0.51) (layer B.SilkS) (width 0.12))
    (fp_line (start -1.48 -0.73) (end -1.48 0.73) (layer B.CrtYd) (width 0.05))
    (fp_line (start -1.48 0.73) (end 1.48 0.73) (layer B.CrtYd) (width 0.05))
    (fp_line (start 1.48 0.73) (end 1.48 -0.73) (layer B.CrtYd) (width 0.05))
    (fp_line (start 1.48 -0.73) (end -1.48 -0.73) (layer B.CrtYd) (width 0.05))
    (fp_text user %R (at 0 0 135) (layer B.Fab)
      (effects (font (size 0.4 0.4) (thickness 0.06)) (justify mirror))
    )
    (pad 1 smd roundrect (at -0.7875 0 315) (size 0.875 0.95) (layers B.Cu B.Paste B.Mask) (roundrect_rratio 0.25)
      (net 5 +3V3))
    (pad 2 smd roundrect (at 0.7875 0 315) (size 0.875 0.95) (layers B.Cu B.Paste B.Mask) (roundrect_rratio 0.25)
      (net 2 GND))
    (model ${KISYS3DMOD}/Capacitor_SMD.3dshapes/C_0603_1608Metric.wrl
      (at (xyz 0 0 0))
      (scale (xyz 1 1 1))
      (rotate (xyz 0 0 0))
    )
  )

  (module Capacitor_SMD:C_0603_1608Metric (layer B.Cu) (tedit 5B301BBE) (tstamp 5D91FFF6)
    (at 113.5 113 315)
    (descr "Capacitor SMD 0603 (1608 Metric), square (rectangular) end terminal, IPC_7351 nominal, (Body size source: http://www.tortai-tech.com/upload/download/2011102023233369053.pdf), generated with kicad-footprint-generator")
    (tags capacitor)
    (path /5E0EB87A)
    (attr smd)
    (fp_text reference C6 (at 0 1.43 135) (layer B.SilkS) hide
      (effects (font (size 1 1) (thickness 0.15)) (justify mirror))
    )
    (fp_text value 0.1u (at 2.828427 0 135) (layer B.SilkS)
      (effects (font (size 0.8 0.8) (thickness 0.15)) (justify mirror))
    )
    (fp_text user %R (at 0 0 135) (layer B.Fab)
      (effects (font (size 0.4 0.4) (thickness 0.06)) (justify mirror))
    )
    (fp_line (start 1.48 -0.73) (end -1.48 -0.73) (layer B.CrtYd) (width 0.05))
    (fp_line (start 1.48 0.73) (end 1.48 -0.73) (layer B.CrtYd) (width 0.05))
    (fp_line (start -1.48 0.73) (end 1.48 0.73) (layer B.CrtYd) (width 0.05))
    (fp_line (start -1.48 -0.73) (end -1.48 0.73) (layer B.CrtYd) (width 0.05))
    (fp_line (start -0.162779 -0.51) (end 0.162779 -0.51) (layer B.SilkS) (width 0.12))
    (fp_line (start -0.162779 0.51) (end 0.162779 0.51) (layer B.SilkS) (width 0.12))
    (fp_line (start 0.8 -0.4) (end -0.8 -0.4) (layer B.Fab) (width 0.1))
    (fp_line (start 0.8 0.4) (end 0.8 -0.4) (layer B.Fab) (width 0.1))
    (fp_line (start -0.8 0.4) (end 0.8 0.4) (layer B.Fab) (width 0.1))
    (fp_line (start -0.8 -0.4) (end -0.8 0.4) (layer B.Fab) (width 0.1))
    (pad 2 smd roundrect (at 0.7875 0 315) (size 0.875 0.95) (layers B.Cu B.Paste B.Mask) (roundrect_rratio 0.25)
      (net 2 GND))
    (pad 1 smd roundrect (at -0.7875 0 315) (size 0.875 0.95) (layers B.Cu B.Paste B.Mask) (roundrect_rratio 0.25)
      (net 5 +3V3))
    (model ${KISYS3DMOD}/Capacitor_SMD.3dshapes/C_0603_1608Metric.wrl
      (at (xyz 0 0 0))
      (scale (xyz 1 1 1))
      (rotate (xyz 0 0 0))
    )
  )

  (module Capacitor_SMD:C_0603_1608Metric (layer B.Cu) (tedit 5B301BBE) (tstamp 5D7BE374)
    (at 78.75 103.25)
    (descr "Capacitor SMD 0603 (1608 Metric), square (rectangular) end terminal, IPC_7351 nominal, (Body size source: http://www.tortai-tech.com/upload/download/2011102023233369053.pdf), generated with kicad-footprint-generator")
    (tags capacitor)
    (path /5E17398E)
    (attr smd)
    (fp_text reference C7 (at 0 1.43) (layer B.SilkS) hide
      (effects (font (size 1 1) (thickness 0.15)) (justify mirror))
    )
    (fp_text value 0.1u (at 0 1.25) (layer B.SilkS)
      (effects (font (size 0.8 0.8) (thickness 0.15)) (justify mirror))
    )
    (fp_text user %R (at 0 0) (layer B.Fab)
      (effects (font (size 0.4 0.4) (thickness 0.06)) (justify mirror))
    )
    (fp_line (start 1.48 -0.73) (end -1.48 -0.73) (layer B.CrtYd) (width 0.05))
    (fp_line (start 1.48 0.73) (end 1.48 -0.73) (layer B.CrtYd) (width 0.05))
    (fp_line (start -1.48 0.73) (end 1.48 0.73) (layer B.CrtYd) (width 0.05))
    (fp_line (start -1.48 -0.73) (end -1.48 0.73) (layer B.CrtYd) (width 0.05))
    (fp_line (start -0.162779 -0.51) (end 0.162779 -0.51) (layer B.SilkS) (width 0.12))
    (fp_line (start -0.162779 0.51) (end 0.162779 0.51) (layer B.SilkS) (width 0.12))
    (fp_line (start 0.8 -0.4) (end -0.8 -0.4) (layer B.Fab) (width 0.1))
    (fp_line (start 0.8 0.4) (end 0.8 -0.4) (layer B.Fab) (width 0.1))
    (fp_line (start -0.8 0.4) (end 0.8 0.4) (layer B.Fab) (width 0.1))
    (fp_line (start -0.8 -0.4) (end -0.8 0.4) (layer B.Fab) (width 0.1))
    (pad 2 smd roundrect (at 0.7875 0) (size 0.875 0.95) (layers B.Cu B.Paste B.Mask) (roundrect_rratio 0.25)
      (net 6 /CAN_Vdd))
    (pad 1 smd roundrect (at -0.7875 0) (size 0.875 0.95) (layers B.Cu B.Paste B.Mask) (roundrect_rratio 0.25)
      (net 2 GND))
    (model ${KISYS3DMOD}/Capacitor_SMD.3dshapes/C_0603_1608Metric.wrl
      (at (xyz 0 0 0))
      (scale (xyz 1 1 1))
      (rotate (xyz 0 0 0))
    )
  )

  (module Capacitor_SMD:C_0603_1608Metric (layer B.Cu) (tedit 5B301BBE) (tstamp 5D8B86B5)
    (at 108.55 105.6 48)
    (descr "Capacitor SMD 0603 (1608 Metric), square (rectangular) end terminal, IPC_7351 nominal, (Body size source: http://www.tortai-tech.com/upload/download/2011102023233369053.pdf), generated with kicad-footprint-generator")
    (tags capacitor)
    (path /5E0EBADD)
    (attr smd)
    (fp_text reference C8 (at 0 1.43 48) (layer B.SilkS) hide
      (effects (font (size 1 1) (thickness 0.15)) (justify mirror))
    )
    (fp_text value 0.1u (at 0 -1.254999 48) (layer B.SilkS)
      (effects (font (size 0.8 0.8) (thickness 0.15)) (justify mirror))
    )
    (fp_text user %R (at 0 0 48) (layer B.Fab)
      (effects (font (size 0.4 0.4) (thickness 0.06)) (justify mirror))
    )
    (fp_line (start 1.48 -0.73) (end -1.48 -0.73) (layer B.CrtYd) (width 0.05))
    (fp_line (start 1.48 0.73) (end 1.48 -0.73) (layer B.CrtYd) (width 0.05))
    (fp_line (start -1.48 0.73) (end 1.48 0.73) (layer B.CrtYd) (width 0.05))
    (fp_line (start -1.48 -0.73) (end -1.48 0.73) (layer B.CrtYd) (width 0.05))
    (fp_line (start -0.162779 -0.51) (end 0.162779 -0.51) (layer B.SilkS) (width 0.12))
    (fp_line (start -0.162779 0.51) (end 0.162779 0.51) (layer B.SilkS) (width 0.12))
    (fp_line (start 0.8 -0.4) (end -0.8 -0.4) (layer B.Fab) (width 0.1))
    (fp_line (start 0.8 0.4) (end 0.8 -0.4) (layer B.Fab) (width 0.1))
    (fp_line (start -0.8 0.4) (end 0.8 0.4) (layer B.Fab) (width 0.1))
    (fp_line (start -0.8 -0.4) (end -0.8 0.4) (layer B.Fab) (width 0.1))
    (pad 2 smd roundrect (at 0.7875 0 48) (size 0.875 0.95) (layers B.Cu B.Paste B.Mask) (roundrect_rratio 0.25)
      (net 2 GND))
    (pad 1 smd roundrect (at -0.7875 0 48) (size 0.875 0.95) (layers B.Cu B.Paste B.Mask) (roundrect_rratio 0.25)
      (net 5 +3V3))
    (model ${KISYS3DMOD}/Capacitor_SMD.3dshapes/C_0603_1608Metric.wrl
      (at (xyz 0 0 0))
      (scale (xyz 1 1 1))
      (rotate (xyz 0 0 0))
    )
  )

  (module Capacitor_SMD:C_0603_1608Metric (layer B.Cu) (tedit 5B301BBE) (tstamp 5D8B8685)
    (at 101.65 110.95 135)
    (descr "Capacitor SMD 0603 (1608 Metric), square (rectangular) end terminal, IPC_7351 nominal, (Body size source: http://www.tortai-tech.com/upload/download/2011102023233369053.pdf), generated with kicad-footprint-generator")
    (tags capacitor)
    (path /5E0EBD0A)
    (attr smd)
    (fp_text reference C9 (at 0 1.43 135) (layer B.SilkS) hide
      (effects (font (size 1 1) (thickness 0.15)) (justify mirror))
    )
    (fp_text value 0.1u (at 2.757716 0 135) (layer B.SilkS)
      (effects (font (size 0.8 0.8) (thickness 0.15)) (justify mirror))
    )
    (fp_line (start -0.8 -0.4) (end -0.8 0.4) (layer B.Fab) (width 0.1))
    (fp_line (start -0.8 0.4) (end 0.8 0.4) (layer B.Fab) (width 0.1))
    (fp_line (start 0.8 0.4) (end 0.8 -0.4) (layer B.Fab) (width 0.1))
    (fp_line (start 0.8 -0.4) (end -0.8 -0.4) (layer B.Fab) (width 0.1))
    (fp_line (start -0.162779 0.51) (end 0.162779 0.51) (layer B.SilkS) (width 0.12))
    (fp_line (start -0.162779 -0.51) (end 0.162779 -0.51) (layer B.SilkS) (width 0.12))
    (fp_line (start -1.48 -0.73) (end -1.48 0.73) (layer B.CrtYd) (width 0.05))
    (fp_line (start -1.48 0.73) (end 1.48 0.73) (layer B.CrtYd) (width 0.05))
    (fp_line (start 1.48 0.73) (end 1.48 -0.73) (layer B.CrtYd) (width 0.05))
    (fp_line (start 1.48 -0.73) (end -1.48 -0.73) (layer B.CrtYd) (width 0.05))
    (fp_text user %R (at 0 0 135) (layer B.Fab)
      (effects (font (size 0.4 0.4) (thickness 0.06)) (justify mirror))
    )
    (pad 1 smd roundrect (at -0.7875 0 135) (size 0.875 0.95) (layers B.Cu B.Paste B.Mask) (roundrect_rratio 0.25)
      (net 5 +3V3))
    (pad 2 smd roundrect (at 0.7875 0 135) (size 0.875 0.95) (layers B.Cu B.Paste B.Mask) (roundrect_rratio 0.25)
      (net 2 GND))
    (model ${KISYS3DMOD}/Capacitor_SMD.3dshapes/C_0603_1608Metric.wrl
      (at (xyz 0 0 0))
      (scale (xyz 1 1 1))
      (rotate (xyz 0 0 0))
    )
  )

  (module Capacitor_SMD:C_0603_1608Metric (layer B.Cu) (tedit 5B301BBE) (tstamp 5D8B8655)
    (at 105.9 116.8 225)
    (descr "Capacitor SMD 0603 (1608 Metric), square (rectangular) end terminal, IPC_7351 nominal, (Body size source: http://www.tortai-tech.com/upload/download/2011102023233369053.pdf), generated with kicad-footprint-generator")
    (tags capacitor)
    (path /5E0EBF6D)
    (attr smd)
    (fp_text reference C10 (at 0 1.43 45) (layer B.SilkS) hide
      (effects (font (size 1 1) (thickness 0.15)) (justify mirror))
    )
    (fp_text value 1u (at -2.2 0 45) (layer B.SilkS)
      (effects (font (size 0.8 0.8) (thickness 0.15)) (justify mirror))
    )
    (fp_text user %R (at 0 0 45) (layer B.Fab)
      (effects (font (size 0.4 0.4) (thickness 0.06)) (justify mirror))
    )
    (fp_line (start 1.48 -0.73) (end -1.48 -0.73) (layer B.CrtYd) (width 0.05))
    (fp_line (start 1.48 0.73) (end 1.48 -0.73) (layer B.CrtYd) (width 0.05))
    (fp_line (start -1.48 0.73) (end 1.48 0.73) (layer B.CrtYd) (width 0.05))
    (fp_line (start -1.48 -0.73) (end -1.48 0.73) (layer B.CrtYd) (width 0.05))
    (fp_line (start -0.162779 -0.51) (end 0.162779 -0.51) (layer B.SilkS) (width 0.12))
    (fp_line (start -0.162779 0.51) (end 0.162779 0.51) (layer B.SilkS) (width 0.12))
    (fp_line (start 0.8 -0.4) (end -0.8 -0.4) (layer B.Fab) (width 0.1))
    (fp_line (start 0.8 0.4) (end 0.8 -0.4) (layer B.Fab) (width 0.1))
    (fp_line (start -0.8 0.4) (end 0.8 0.4) (layer B.Fab) (width 0.1))
    (fp_line (start -0.8 -0.4) (end -0.8 0.4) (layer B.Fab) (width 0.1))
    (pad 2 smd roundrect (at 0.7875 0 225) (size 0.875 0.95) (layers B.Cu B.Paste B.Mask) (roundrect_rratio 0.25)
      (net 2 GND))
    (pad 1 smd roundrect (at -0.7875 0 225) (size 0.875 0.95) (layers B.Cu B.Paste B.Mask) (roundrect_rratio 0.25)
      (net 5 +3V3))
    (model ${KISYS3DMOD}/Capacitor_SMD.3dshapes/C_0603_1608Metric.wrl
      (at (xyz 0 0 0))
      (scale (xyz 1 1 1))
      (rotate (xyz 0 0 0))
    )
  )

  (module Capacitor_SMD:C_0603_1608Metric (layer B.Cu) (tedit 5B301BBE) (tstamp 5D7BE3B8)
    (at 79.5 115 270)
    (descr "Capacitor SMD 0603 (1608 Metric), square (rectangular) end terminal, IPC_7351 nominal, (Body size source: http://www.tortai-tech.com/upload/download/2011102023233369053.pdf), generated with kicad-footprint-generator")
    (tags capacitor)
    (path /5E186E88)
    (attr smd)
    (fp_text reference C11 (at 0 1.43 90) (layer B.SilkS) hide
      (effects (font (size 1 1) (thickness 0.15)) (justify mirror))
    )
    (fp_text value 0.1u (at 0 1.25 90) (layer B.SilkS)
