(kicad_pcb (version 20171130) (host pcbnew "(5.1.2)-1")

  (general
    (thickness 1.6)
    (drawings 9)
    (tracks 68)
    (zones 0)
    (modules 29)
    (nets 14)
  )

  (page A4)
  (layers
    (0 F.Cu signal)
    (31 B.Cu signal)
    (32 B.Adhes user)
    (33 F.Adhes user)
    (34 B.Paste user)
    (35 F.Paste user)
    (36 B.SilkS user)
    (37 F.SilkS user)
    (38 B.Mask user)
    (39 F.Mask user)
    (40 Dwgs.User user)
    (41 Cmts.User user)
    (42 Eco1.User user)
    (43 Eco2.User user)
    (44 Edge.Cuts user)
    (45 Margin user)
    (46 B.CrtYd user)
    (47 F.CrtYd user)
    (48 B.Fab user)
    (49 F.Fab user)
  )

  (setup
    (last_trace_width 1.5)
    (user_trace_width 0.5)
    (user_trace_width 1)
    (user_trace_width 1.5)
    (trace_clearance 0.2)
    (zone_clearance 0.508)
    (zone_45_only no)
    (trace_min 0.2)
    (via_size 0.8)
    (via_drill 0.4)
    (via_min_size 0.4)
    (via_min_drill 0.3)
    (user_via 6 3)
    (uvia_size 0.3)
    (uvia_drill 0.1)
    (uvias_allowed no)
    (uvia_min_size 0.2)
    (uvia_min_drill 0.1)
    (edge_width 0.05)
    (segment_width 0.2)
    (pcb_text_width 0.3)
    (pcb_text_size 1.5 1.5)
    (mod_edge_width 0.12)
    (mod_text_size 1 1)
    (mod_text_width 0.15)
    (pad_size 1.524 1.524)
    (pad_drill 0.762)
    (pad_to_mask_clearance 0.051)
    (solder_mask_min_width 0.25)
    (aux_axis_origin 0 0)
    (visible_elements 7FFFFFFF)
    (pcbplotparams
      (layerselection 0x01000_fffffffe)
      (usegerberextensions false)
      (usegerberattributes false)
      (usegerberadvancedattributes false)
      (creategerberjobfile false)
      (excludeedgelayer true)
      (linewidth 0.100000)
      (plotframeref false)
      (viasonmask false)
      (mode 1)
      (useauxorigin false)
      (hpglpennumber 1)
      (hpglpenspeed 20)
      (hpglpendiameter 15.000000)
      (psnegative false)
      (psa4output false)
      (plotreference true)
      (plotvalue true)
      (plotinvisibletext false)
      (padsonsilk false)
      (subtractmaskfromsilk false)
      (outputformat 1)
      (mirror false)
      (drillshape 0)
      (scaleselection 1)
      (outputdirectory "C:/Users/81906/Desktop/Ki-CAD/JETSON_NANO_POWER/Jetson_Nano_Power/加工ファイル/"))
  )

  (net 0 "")
  (net 1 GNDPWR)
  (net 2 MAIN_OUT)
  (net 3 +5V)
  (net 4 GND)
  (net 5 +BATT)
  (net 6 "Net-(D2-Pad2)")
  (net 7 "Net-(D3-Pad2)")
  (net 8 "Net-(D4-Pad2)")
  (net 9 "Net-(U1-Pad4)")
  (net 10 batt+)
  (net 11 +5VP)
  (net 12 "Net-(D5-Pad2)")
  (net 13 "Net-(D6-Pad2)")

  (net_class Default "これはデフォルトのネット クラスです。"
    (clearance 0.2)
    (trace_width 0.25)
    (via_dia 0.8)
    (via_drill 0.4)
    (uvia_dia 0.3)
    (uvia_drill 0.1)
    (add_net +5V)
    (add_net +5VP)
    (add_net +BATT)
    (add_net GND)
    (add_net GNDPWR)
    (add_net MAIN_OUT)
    (add_net "Net-(D2-Pad2)")
    (add_net "Net-(D3-Pad2)")
    (add_net "Net-(D4-Pad2)")
    (add_net "Net-(D5-Pad2)")
    (add_net "Net-(D6-Pad2)")
    (add_net "Net-(U1-Pad4)")
    (add_net batt+)
  )

  (module Mizz_lib:XA_2P (layer F.Cu) (tedit 5CFF4DEE) (tstamp 5D051550)
    (at 65.75 29.75 180)
    (path /5D04F214)
    (fp_text reference P2 (at 1.25 -4.25) (layer F.SilkS) hide
      (effects (font (size 1 1) (thickness 0.15)))
    )
    (fp_text value SW (at 5 -4) (layer F.SilkS)
      (effects (font (size 0.8 0.8) (thickness 0.2)))
    )
    (fp_line (start 5 -3.2) (end -2.5 -3.2) (layer F.SilkS) (width 0.5))
    (fp_line (start 5 3.2) (end 5 -3.2) (layer F.SilkS) (width 0.5))
    (fp_line (start -2.5 -3.2) (end -2.5 3.2) (layer F.SilkS) (width 0.5))
    (fp_line (start 3 3.2) (end 5 3.2) (layer F.SilkS) (width 0.5))
    (fp_line (start 3 2.2) (end 3 3.2) (layer F.SilkS) (width 0.5))
    (fp_line (start -0.5 2.2) (end 3 2.2) (layer F.SilkS) (width 0.5))
    (fp_line (start -0.5 3.2) (end -0.5 2.2) (layer F.SilkS) (width 0.5))
    (fp_line (start -2.5 3.2) (end -0.5 3.2) (layer F.SilkS) (width 0.5))
    (pad 1 thru_hole oval (at 2.5 0 180) (size 1.5 2.5) (drill 1) (layers *.Cu *.Mask F.SilkS)
      (net 2 MAIN_OUT))
    (pad 2 thru_hole oval (at 0 0 180) (size 1.5 2.5) (drill 1) (layers *.Cu *.Mask F.SilkS)
      (net 10 batt+))
    (model C:/Users/81906/Documents/Ki-Cad_Lib/3Dmodel/B02B-XASK-1N/B02B-XASK-1N.STEP
      (offset (xyz 1.25 0 0))
      (scale (xyz 1 1 1))
      (rotate (xyz -90 0 0))
    )
  )

  (module Capacitor_SMD:C_0603_1608Metric (layer B.Cu) (tedit 5B301BBE) (tstamp 5D0751C5)
    (at 73 30.5375 270)
    (descr "Capacitor SMD 0603 (1608 Metric), square (rectangular) end terminal, IPC_7351 nominal, (Body size source: http://www.tortai-tech.com/upload/download/2011102023233369053.pdf), generated with kicad-footprint-generator")
    (tags capacitor)
    (path /5D091218)
    (attr smd)
    (fp_text reference C3 (at 0 1.43 90) (layer B.SilkS)
      (effects (font (size 1 1) (thickness 0.15)) (justify mirror))
    )
    (fp_text value 0.1u (at 0 -1.43 90) (layer B.Fab)
      (effects (font (size 1 1) (thickness 0.15)) (justify mirror))
    )
    (fp_line (start -0.8 -0.4) (end -0.8 0.4) (layer B.Fab) (width 0.1))
    (fp_line (start -0.8 0.4) (end 0.8 0.4) (layer B.Fab) (width 0.1))
    (fp_line (start 0.8 0.4) (end 0.8 -0.4) (layer B.Fab) (width 0.1))
    (fp_line (start 0.8 -0.4) (end -0.8 -0.4) (layer B.Fab) (width 0.1))
    (fp_line (start -0.162779 0.51) (end 0.162779 0.51) (layer B.SilkS) (width 0.12))
    (fp_line (start -0.162779 -0.51) (end 0.162779 -0.51) (layer B.SilkS) (width 0.12))
    (fp_line (start -1.48 -0.73) (end -1.48 0.73) (layer B.CrtYd) (width 0.05))
    (fp_line (start -1.48 0.73) (end 1.48 0.73) (layer B.CrtYd) (width 0.05))
    (fp_line (start 1.48 0.73) (end 1.48 -0.73) (layer B.CrtYd) (width 0.05))
    (fp_line (start 1.48 -0.73) (end -1.48 -0.73) (layer B.CrtYd) (width 0.05))
    (fp_text user %R (at 0 0 90) (layer B.Fab)
      (effects (font (size 0.4 0.4) (thickness 0.06)) (justify mirror))
    )
    (pad 1 smd roundrect (at -0.7875 0 270) (size 0.875 0.95) (layers B.Cu B.Paste B.Mask) (roundrect_rratio 0.25)
      (net 10 batt+))
    (pad 2 smd roundrect (at 0.7875 0 270) (size 0.875 0.95) (layers B.Cu B.Paste B.Mask) (roundrect_rratio 0.25)
      (net 1 GNDPWR))
    (model ${KISYS3DMOD}/Capacitor_SMD.3dshapes/C_0603_1608Metric.wrl
      (at (xyz 0 0 0))
      (scale (xyz 1 1 1))
      (rotate (xyz 0 0 0))
    )
  )

  (module Capacitor_SMD:C_0603_1608Metric (layer B.Cu) (tedit 5B301BBE) (tstamp 5D0751D6)
    (at 81.75 30.5375 270)
    (descr "Capacitor SMD 0603 (1608 Metric), square (rectangular) end terminal, IPC_7351 nominal, (Body size source: http://www.tortai-tech.com/upload/download/2011102023233369053.pdf), generated with kicad-footprint-generator")
    (tags capacitor)
    (path /5D0915D9)
    (attr smd)
    (fp_text reference C4 (at 0 1.43 90) (layer B.SilkS)
      (effects (font (size 1 1) (thickness 0.15)) (justify mirror))
    )
    (fp_text value 0.1u (at 0 -1.43 90) (layer B.Fab)
      (effects (font (size 1 1) (thickness 0.15)) (justify mirror))
    )
    (fp_text user %R (at 0 0 90) (layer B.Fab)
      (effects (font (size 0.4 0.4) (thickness 0.06)) (justify mirror))
    )
    (fp_line (start 1.48 -0.73) (end -1.48 -0.73) (layer B.CrtYd) (width 0.05))
    (fp_line (start 1.48 0.73) (end 1.48 -0.73) (layer B.CrtYd) (width 0.05))
    (fp_line (start -1.48 0.73) (end 1.48 0.73) (layer B.CrtYd) (width 0.05))
    (fp_line (start -1.48 -0.73) (end -1.48 0.73) (layer B.CrtYd) (width 0.05))
    (fp_line (start -0.162779 -0.51) (end 0.162779 -0.51) (layer B.SilkS) (width 0.12))
    (fp_line (start -0.162779 0.51) (end 0.162779 0.51) (layer B.SilkS) (width 0.12))
    (fp_line (start 0.8 -0.4) (end -0.8 -0.4) (layer B.Fab) (width 0.1))
    (fp_line (start 0.8 0.4) (end 0.8 -0.4) (layer B.Fab) (width 0.1))
    (fp_line (start -0.8 0.4) (end 0.8 0.4) (layer B.Fab) (width 0.1))
    (fp_line (start -0.8 -0.4) (end -0.8 0.4) (layer B.Fab) (width 0.1))
    (pad 2 smd roundrect (at 0.7875 0 270) (size 0.875 0.95) (layers B.Cu B.Paste B.Mask) (roundrect_rratio 0.25)
      (net 1 GNDPWR))
    (pad 1 smd roundrect (at -0.7875 0 270) (size 0.875 0.95) (layers B.Cu B.Paste B.Mask) (roundrect_rratio 0.25)
      (net 11 +5VP))
    (model ${KISYS3DMOD}/Capacitor_SMD.3dshapes/C_0603_1608Metric.wrl
      (at (xyz 0 0 0))
      (scale (xyz 1 1 1))
      (rotate (xyz 0 0 0))
    )
  )

  (module LED_THT:LED_D3.0mm (layer F.Cu) (tedit 587A3A7B) (tstamp 5D0751E9)
    (at 53.75 28.75)
    (descr "LED, diameter 3.0mm, 2 pins")
    (tags "LED diameter 3.0mm 2 pins")
    (path /5D09D25B)
    (fp_text reference D5 (at 1.27 -2.96) (layer F.SilkS)
      (effects (font (size 1 1) (thickness 0.15)))
    )
    (fp_text value LED (at 1.27 2.96) (layer F.Fab)
      (effects (font (size 1 1) (thickness 0.15)))
    )
    (fp_arc (start 1.27 0) (end -0.23 -1.16619) (angle 284.3) (layer F.Fab) (width 0.1))
    (fp_arc (start 1.27 0) (end -0.29 -1.235516) (angle 108.8) (layer F.SilkS) (width 0.12))
    (fp_arc (start 1.27 0) (end -0.29 1.235516) (angle -108.8) (layer F.SilkS) (width 0.12))
    (fp_arc (start 1.27 0) (end 0.229039 -1.08) (angle 87.9) (layer F.SilkS) (width 0.12))
    (fp_arc (start 1.27 0) (end 0.229039 1.08) (angle -87.9) (layer F.SilkS) (width 0.12))
    (fp_circle (center 1.27 0) (end 2.77 0) (layer F.Fab) (width 0.1))
    (fp_line (start -0.23 -1.16619) (end -0.23 1.16619) (layer F.Fab) (width 0.1))
    (fp_line (start -0.29 -1.236) (end -0.29 -1.08) (layer F.SilkS) (width 0.12))
    (fp_line (start -0.29 1.08) (end -0.29 1.236) (layer F.SilkS) (width 0.12))
    (fp_line (start -1.15 -2.25) (end -1.15 2.25) (layer F.CrtYd) (width 0.05))
    (fp_line (start -1.15 2.25) (end 3.7 2.25) (layer F.CrtYd) (width 0.05))
    (fp_line (start 3.7 2.25) (end 3.7 -2.25) (layer F.CrtYd) (width 0.05))
    (fp_line (start 3.7 -2.25) (end -1.15 -2.25) (layer F.CrtYd) (width 0.05))
    (pad 1 thru_hole rect (at 0 0) (size 1.8 1.8) (drill 0.9) (layers *.Cu *.Mask)
      (net 1 GNDPWR))
    (pad 2 thru_hole circle (at 2.54 0) (size 1.8 1.8) (drill 0.9) (layers *.Cu *.Mask)
      (net 12 "Net-(D5-Pad2)"))
    (model ${KISYS3DMOD}/LED_THT.3dshapes/LED_D3.0mm.wrl
      (at (xyz 0 0 0))
      (scale (xyz 1 1 1))
      (rotate (xyz 0 0 0))
    )
  )

  (module Resistor_SMD:R_0603_1608Metric (layer B.Cu) (tedit 5B301BBD) (tstamp 5D07520D)
    (at 59.25 28.75 180)
    (descr "Resistor SMD 0603 (1608 Metric), square (rectangular) end terminal, IPC_7351 nominal, (Body size source: http://www.tortai-tech.com/upload/download/2011102023233369053.pdf), generated with kicad-footprint-generator")
    (tags resistor)
    (path /5D09C41F)
    (attr smd)
    (fp_text reference R1 (at 0 1.43) (layer B.SilkS)
      (effects (font (size 1 1) (thickness 0.15)) (justify mirror))
    )
    (fp_text value 4.7k (at 0 -1.43) (layer B.Fab)
      (effects (font (size 1 1) (thickness 0.15)) (justify mirror))
    )
    (fp_line (start -0.8 -0.4) (end -0.8 0.4) (layer B.Fab) (width 0.1))
    (fp_line (start -0.8 0.4) (end 0.8 0.4) (layer B.Fab) (width 0.1))
    (fp_line (start 0.8 0.4) (end 0.8 -0.4) (layer B.Fab) (width 0.1))
    (fp_line (start 0.8 -0.4) (end -0.8 -0.4) (layer B.Fab) (width 0.1))
    (fp_line (start -0.162779 0.51) (end 0.162779 0.51) (layer B.SilkS) (width 0.12))
    (fp_line (start -0.162779 -0.51) (end 0.162779 -0.51) (layer B.SilkS) (width 0.12))
    (fp_line (start -1.48 -0.73) (end -1.48 0.73) (layer B.CrtYd) (width 0.05))
    (fp_line (start -1.48 0.73) (end 1.48 0.73) (layer B.CrtYd) (width 0.05))
    (fp_line (start 1.48 0.73) (end 1.48 -0.73) (layer B.CrtYd) (width 0.05))
    (fp_line (start 1.48 -0.73) (end -1.48 -0.73) (layer B.CrtYd) (width 0.05))
    (fp_text user %R (at 0 0) (layer B.Fab)
      (effects (font (size 0.4 0.4) (thickness 0.06)) (justify mirror))
    )
    (pad 1 smd roundrect (at -0.7875 0 180) (size 0.875 0.95) (layers B.Cu B.Paste B.Mask) (roundrect_rratio 0.25)
      (net 10 batt+))
    (pad 2 smd roundrect (at 0.7875 0 180) (size 0.875 0.95) (layers B.Cu B.Paste B.Mask) (roundrect_rratio 0.25)
      (net 12 "Net-(D5-Pad2)"))
    (model ${KISYS3DMOD}/Resistor_SMD.3dshapes/R_0603_1608Metric.wrl
      (at (xyz 0 0 0))
      (scale (xyz 1 1 1))
      (rotate (xyz 0 0 0))
    )
  )

  (module Resistor_SMD:R_0603_1608Metric (layer B.Cu) (tedit 5B301BBD) (tstamp 5D07521E)
    (at 83.25 30.5375 270)
    (descr "Resistor SMD 0603 (1608 Metric), square (rectangular) end terminal, IPC_7351 nominal, (Body size source: http://www.tortai-tech.com/upload/download/2011102023233369053.pdf), generated with kicad-footprint-generator")
    (tags resistor)
    (path /5D09C61B)
    (attr smd)
    (fp_text reference R2 (at 0 1.43 90) (layer B.SilkS)
      (effects (font (size 1 1) (thickness 0.15)) (justify mirror))
    )
    (fp_text value 10k (at 0 -1.43 90) (layer B.Fab)
      (effects (font (size 1 1) (thickness 0.15)) (justify mirror))
    )
    (fp_text user %R (at 0 0 90) (layer B.Fab)
      (effects (font (size 0.4 0.4) (thickness 0.06)) (justify mirror))
    )
    (fp_line (start 1.48 -0.73) (end -1.48 -0.73) (layer B.CrtYd) (width 0.05))
    (fp_line (start 1.48 0.73) (end 1.48 -0.73) (layer B.CrtYd) (width 0.05))
    (fp_line (start -1.48 0.73) (end 1.48 0.73) (layer B.CrtYd) (width 0.05))
    (fp_line (start -1.48 -0.73) (end -1.48 0.73) (layer B.CrtYd) (width 0.05))
    (fp_line (start -0.162779 -0.51) (end 0.162779 -0.51) (layer B.SilkS) (width 0.12))
    (fp_line (start -0.162779 0.51) (end 0.162779 0.51) (layer B.SilkS) (width 0.12))
    (fp_line (start 0.8 -0.4) (end -0.8 -0.4) (layer B.Fab) (width 0.1))
    (fp_line (start 0.8 0.4) (end 0.8 -0.4) (layer B.Fab) (width 0.1))
    (fp_line (start -0.8 0.4) (end 0.8 0.4) (layer B.Fab) (width 0.1))
    (fp_line (start -0.8 -0.4) (end -0.8 0.4) (layer B.Fab) (width 0.1))
    (pad 2 smd roundrect (at 0.7875 0 270) (size 0.875 0.95) (layers B.Cu B.Paste B.Mask) (roundrect_rratio 0.25)
      (net 1 GNDPWR))
    (pad 1 smd roundrect (at -0.7875 0 270) (size 0.875 0.95) (layers B.Cu B.Paste B.Mask) (roundrect_rratio 0.25)
      (net 11 +5VP))
    (model ${KISYS3DMOD}/Resistor_SMD.3dshapes/R_0603_1608Metric.wrl
      (at (xyz 0 0 0))
      (scale (xyz 1 1 1))
      (rotate (xyz 0 0 0))
    )
  )

  (module LED_THT:LED_D3.0mm (layer F.Cu) (tedit 587A3A7B) (tstamp 5D0751FC)
    (at 83.5 55)
    (descr "LED, diameter 3.0mm, 2 pins")
    (tags "LED diameter 3.0mm 2 pins")
    (path /5D09E31C)
    (fp_text reference D6 (at 1.27 -2.96) (layer F.SilkS)
      (effects (font (size 1 1) (thickness 0.15)))
    )
    (fp_text value LED (at 1.27 2.96) (layer F.Fab)
      (effects (font (size 1 1) (thickness 0.15)))
    )
    (fp_line (start 3.7 -2.25) (end -1.15 -2.25) (layer F.CrtYd) (width 0.05))
    (fp_line (start 3.7 2.25) (end 3.7 -2.25) (layer F.CrtYd) (width 0.05))
    (fp_line (start -1.15 2.25) (end 3.7 2.25) (layer F.CrtYd) (width 0.05))
    (fp_line (start -1.15 -2.25) (end -1.15 2.25) (layer F.CrtYd) (width 0.05))
    (fp_line (start -0.29 1.08) (end -0.29 1.236) (layer F.SilkS) (width 0.12))
    (fp_line (start -0.29 -1.236) (end -0.29 -1.08) (layer F.SilkS) (width 0.12))
    (fp_line (start -0.23 -1.16619) (end -0.23 1.16619) (layer F.Fab) (width 0.1))
    (fp_circle (center 1.27 0) (end 2.77 0) (layer F.Fab) (width 0.1))
    (fp_arc (start 1.27 0) (end 0.229039 1.08) (angle -87.9) (layer F.SilkS) (width 0.12))
    (fp_arc (start 1.27 0) (end 0.229039 -1.08) (angle 87.9) (layer F.SilkS) (width 0.12))
    (fp_arc (start 1.27 0) (end -0.29 1.235516) (angle -108.8) (layer F.SilkS) (width 0.12))
    (fp_arc (start 1.27 0) (end -0.29 -1.235516) (angle 108.8) (layer F.SilkS) (width 0.12))
    (fp_arc (start 1.27 0) (end -0.23 -1.16619) (angle 284.3) (layer F.Fab) (width 0.1))
    (pad 2 thru_hole circle (at 2.54 0) (size 1.8 1.8) (drill 0.9) (layers *.Cu *.Mask)
      (net 13 "Net-(D6-Pad2)"))
    (pad 1 thru_hole rect (at 0 0) (size 1.8 1.8) (drill 0.9) (layers *.Cu *.Mask)
      (net 1 GNDPWR))
    (model ${KISYS3DMOD}/LED_THT.3dshapes/LED_D3.0mm.wrl
      (at (xyz 0 0 0))
      (scale (xyz 1 1 1))
      (rotate (xyz 0 0 0))
    )
  )

  (module Resistor_SMD:R_0603_1608Metric (layer B.Cu) (tedit 5B301BBD) (tstamp 5D07522F)
    (at 86.75 47.75 270)
    (descr "Resistor SMD 0603 (1608 Metric), square (rectangular) end terminal, IPC_7351 nominal, (Body size source: http://www.tortai-tech.com/upload/download/2011102023233369053.pdf), generated with kicad-footprint-generator")
    (tags resistor)
    (path /5D09DEDA)
    (attr smd)
    (fp_text reference R6 (at 0 1.43 90) (layer B.SilkS)
      (effects (font (size 1 1) (thickness 0.15)) (justify mirror))
    )
    (fp_text value 510 (at 0 -1.43 90) (layer B.Fab)
      (effects (font (size 1 1) (thickness 0.15)) (justify mirror))
    )
    (fp_line (start -0.8 -0.4) (end -0.8 0.4) (layer B.Fab) (width 0.1))
    (fp_line (start -0.8 0.4) (end 0.8 0.4) (layer B.Fab) (width 0.1))
    (fp_line (start 0.8 0.4) (end 0.8 -0.4) (layer B.Fab) (width 0.1))
    (fp_line (start 0.8 -0.4) (end -0.8 -0.4) (layer B.Fab) (width 0.1))
    (fp_line (start -0.162779 0.51) (end 0.162779 0.51) (layer B.SilkS) (width 0.12))
    (fp_line (start -0.162779 -0.51) (end 0.162779 -0.51) (layer B.SilkS) (width 0.12))
    (fp_line (start -1.48 -0.73) (end -1.48 0.73) (layer B.CrtYd) (width 0.05))
    (fp_line (start -1.48 0.73) (end 1.48 0.73) (layer B.CrtYd) (width 0.05))
    (fp_line (start 1.48 0.73) (end 1.48 -0.73) (layer B.CrtYd) (width 0.05))
    (fp_line (start 1.48 -0.73) (end -1.48 -0.73) (layer B.CrtYd) (width 0.05))
    (fp_text user %R (at 0 0 90) (layer B.Fab)
      (effects (font (size 0.4 0.4) (thickness 0.06)) (justify mirror))
    )
    (pad 1 smd roundrect (at -0.7875 0 270) (size 0.875 0.95) (layers B.Cu B.Paste B.Mask) (roundrect_rratio 0.25)
      (net 11 +5VP))
    (pad 2 smd roundrect (at 0.7875 0 270) (size 0.875 0.95) (layers B.Cu B.Paste B.Mask) (roundrect_rratio 0.25)
      (net 13 "Net-(D6-Pad2)"))
    (model ${KISYS3DMOD}/Resistor_SMD.3dshapes/R_0603_1608Metric.wrl
      (at (xyz 0 0 0))
      (scale (xyz 1 1 1))
      (rotate (xyz 0 0 0))
    )
  )

  (module Package_TO_SOT_SMD:TO-252-2 (layer B.Cu) (tedit 5A70A390) (tstamp 5D075253)
    (at 77.5 34 270)
    (descr "TO-252 / DPAK SMD package, http://www.infineon.com/cms/en/product/packages/PG-TO252/PG-TO252-3-1/")
    (tags "DPAK TO-252 DPAK-3 TO-252-3 SOT-428")
    (path /5D090C6A)
    (attr smd)
    (fp_text reference U2 (at 0 4.5 90) (layer B.SilkS)
      (effects (font (size 1 1) (thickness 0.15)) (justify mirror))
    )
    (fp_text value BA17805FP (at 0 -4.5 90) (layer B.Fab)
      (effects (font (size 1 1) (thickness 0.15)) (justify mirror))
    )
    (fp_line (start 3.95 2.7) (end 4.95 2.7) (layer B.Fab) (width 0.1))
    (fp_line (start 4.95 2.7) (end 4.95 -2.7) (layer B.Fab) (width 0.1))
    (fp_line (start 4.95 -2.7) (end 3.95 -2.7) (layer B.Fab) (width 0.1))
    (fp_line (start 3.95 3.25) (end 3.95 -3.25) (layer B.Fab) (width 0.1))
    (fp_line (start 3.95 -3.25) (end -2.27 -3.25) (layer B.Fab) (width 0.1))
    (fp_line (start -2.27 -3.25) (end -2.27 2.25) (layer B.Fab) (width 0.1))
    (fp_line (start -2.27 2.25) (end -1.27 3.25) (layer B.Fab) (width 0.1))
    (fp_line (start -1.27 3.25) (end 3.95 3.25) (layer B.Fab) (width 0.1))
    (fp_line (start -1.865 2.655) (end -4.97 2.655) (layer B.Fab) (width 0.1))
    (fp_line (start -4.97 2.655) (end -4.97 1.905) (layer B.Fab) (width 0.1))
    (fp_line (start -4.97 1.905) (end -2.27 1.905) (layer B.Fab) (width 0.1))
    (fp_line (start -2.27 -1.905) (end -4.97 -1.905) (layer B.Fab) (width 0.1))
    (fp_line (start -4.97 -1.905) (end -4.97 -2.655) (layer B.Fab) (width 0.1))
    (fp_line (start -4.97 -2.655) (end -2.27 -2.655) (layer B.Fab) (width 0.1))
    (fp_line (start -0.97 3.45) (end -2.47 3.45) (layer B.SilkS) (width 0.12))
    (fp_line (start -2.47 3.45) (end -2.47 3.18) (layer B.SilkS) (width 0.12))
    (fp_line (start -2.47 3.18) (end -5.3 3.18) (layer B.SilkS) (width 0.12))
    (fp_line (start -0.97 -3.45) (end -2.47 -3.45) (layer B.SilkS) (width 0.12))
    (fp_line (start -2.47 -3.45) (end -2.47 -3.18) (layer B.SilkS) (width 0.12))
    (fp_line (start -2.47 -3.18) (end -3.57 -3.18) (layer B.SilkS) (width 0.12))
    (fp_line (start -5.55 3.5) (end -5.55 -3.5) (layer B.CrtYd) (width 0.05))
    (fp_line (start -5.55 -3.5) (end 5.55 -3.5) (layer B.CrtYd) (width 0.05))
    (fp_line (start 5.55 -3.5) (end 5.55 3.5) (layer B.CrtYd) (width 0.05))
    (fp_line (start 5.55 3.5) (end -5.55 3.5) (layer B.CrtYd) (width 0.05))
    (fp_text user %R (at 0 0 90) (layer B.Fab)
      (effects (font (size 1 1) (thickness 0.15)) (justify mirror))
    )
    (pad 1 smd rect (at -4.2 2.28 270) (size 2.2 1.2) (layers B.Cu B.Paste B.Mask)
      (net 10 batt+))
    (pad 3 smd rect (at -4.2 -2.28 270) (size 2.2 1.2) (layers B.Cu B.Paste B.Mask)
      (net 11 +5VP))
    (pad 2 smd rect (at 2.1 0 270) (size 6.4 5.8) (layers B.Cu B.Mask)
      (net 1 GNDPWR))
    (pad "" smd rect (at 3.775 -1.525 270) (size 3.05 2.75) (layers B.Paste))
    (pad "" smd rect (at 0.425 1.525 270) (size 3.05 2.75) (layers B.Paste))
    (pad "" smd rect (at 3.775 1.525 270) (size 3.05 2.75) (layers B.Paste))
    (pad "" smd rect (at 0.425 -1.525 270) (size 3.05 2.75) (layers B.Paste))
    (model ${KISYS3DMOD}/Package_TO_SOT_SMD.3dshapes/TO-252-2.wrl
      (at (xyz 0 0 0))
      (scale (xyz 1 1 1))
      (rotate (xyz 0 0 0))
    )
  )

  (module Capacitor_THT:C_Radial_D10.0mm_H16.0mm_P5.00mm (layer F.Cu) (tedit 5BC5C9BA) (tstamp 5D0514D5)
    (at 102.75 57.75 180)
    (descr "C, Radial series, Radial, pin pitch=5.00mm, diameter=10mm, height=16mm, Non-Polar Electrolytic Capacitor")
    (tags "C Radial series Radial pin pitch 5.00mm diameter 10mm height 16mm Non-Polar Electrolytic Capacitor")
    (path /5D053E3E)
    (fp_text reference C2 (at 2.5 -6.25) (layer F.SilkS)
      (effects (font (size 1 1) (thickness 0.15)))
    )
    (fp_text value 470u (at 2.5 6.25) (layer F.Fab)
      (effects (font (size 1 1) (thickness 0.15)))
    )
    (fp_circle (center 2.5 0) (end 7.5 0) (layer F.Fab) (width 0.1))
    (fp_circle (center 2.5 0) (end 7.62 0) (layer F.SilkS) (width 0.12))
    (fp_circle (center 2.5 0) (end 7.75 0) (layer F.CrtYd) (width 0.05))
    (fp_text user %R (at 2.5 0) (layer F.Fab)
      (effects (font (size 1 1) (thickness 0.15)))
    )
    (pad 1 thru_hole circle (at 0 0 180) (size 1.6 1.6) (drill 0.8) (layers *.Cu *.Mask)
      (net 3 +5V))
    (pad 2 thru_hole circle (at 5 0 180) (size 1.6 1.6) (drill 0.8) (layers *.Cu *.Mask)
      (net 4 GND))
    (model ${KISYS3DMOD}/Capacitor_THT.3dshapes/C_Radial_D10.0mm_H16.0mm_P5.00mm.wrl
      (at (xyz 0 0 0))
      (scale (xyz 1 1 1))
      (rotate (xyz 0 0 0))
    )
  )

  (module Package_TO_SOT_SMD:TO-277B (layer B.Cu) (tedit 5A747234) (tstamp 5D0514FB)
    (at 71.75 55.25 270)
    (descr "TO-227B https://media.digikey.com/pdf/Data%20Sheets/Littelfuse%20PDFs/DST2050S.pdf")
    (tags TO-277B)
    (path /5D05042A)
    (attr smd)
    (fp_text reference D1 (at 0 4.6 90) (layer B.SilkS)
      (effects (font (size 1 1) (thickness 0.15)) (justify mirror))
    )
    (fp_text value SBRDIODE (at 0 -4.7 90) (layer B.Fab)
      (effects (font (size 1 1) (thickness 0.15)) (justify mirror))
    )
    (fp_text user %R (at 0 0 270) (layer B.Fab)
      (effects (font (size 0.9 0.9) (thickness 0.15)) (justify mirror))
    )
    (fp_line (start 2.11 2.81) (end 1.7 2.81) (layer B.SilkS) (width 0.12))
    (fp_line (start -1.7 2.81) (end -2.11 2.81) (layer B.SilkS) (width 0.12))
    (fp_line (start -2.11 2.81) (end -2.11 -2.81) (layer B.SilkS) (width 0.12))
    (fp_line (start 2.11 -2.81) (end 2.11 2.81) (layer B.SilkS) (width 0.12))
    (fp_line (start 1.99 -2.69) (end 1.99 2.69) (layer B.Fab) (width 0.1))
    (fp_line (start 1.99 2.69) (end -1 2.69) (layer B.Fab) (width 0.1))
    (fp_line (start -1.99 1.69) (end -1.99 -2.69) (layer B.Fab) (width 0.1))
    (fp_line (start -1.99 -2.69) (end 1.99 -2.69) (layer B.Fab) (width 0.1))
    (fp_line (start 1.85 -3.9) (end -1.85 -3.9) (layer B.CrtYd) (width 0.05))
    (fp_line (start 2.24 -2.94) (end 2.24 2.94) (layer B.CrtYd) (width 0.05))
    (fp_line (start -2.24 2.94) (end -2.24 -2.94) (layer B.CrtYd) (width 0.05))
    (fp_line (start -1.7 3.9) (end 1.7 3.9) (layer B.CrtYd) (width 0.05))
    (fp_line (start -1.7 2.81) (end -1.7 3.6) (layer B.SilkS) (width 0.12))
    (fp_line (start 2.11 -2.81) (end 1.85 -2.81) (layer B.SilkS) (width 0.12))
    (fp_line (start -1.85 -2.81) (end -2.11 -2.81) (layer B.SilkS) (width 0.12))
    (fp_line (start -1.99 1.69) (end -0.99 2.69) (layer B.Fab) (width 0.1))
    (fp_line (start -2.24 2.94) (end -1.7 2.94) (layer B.CrtYd) (width 0.05))
    (fp_line (start -1.7 2.94) (end -1.7 3.9) (layer B.CrtYd) (width 0.05))
    (fp_line (start 1.7 2.94) (end 1.7 3.9) (layer B.CrtYd) (width 0.05))
    (fp_line (start 1.7 2.94) (end 2.24 2.94) (layer B.CrtYd) (width 0.05))
    (fp_line (start -2.24 -2.94) (end -1.85 -2.94) (layer B.CrtYd) (width 0.05))
    (fp_line (start -1.85 -3.9) (end -1.85 -2.94) (layer B.CrtYd) (width 0.05))
    (fp_line (start 1.85 -3.9) (end 1.85 -2.94) (layer B.CrtYd) (width 0.05))
    (fp_line (start 1.85 -2.94) (end 2.24 -2.94) (layer B.CrtYd) (width 0.05))
    (pad 1 smd rect (at -0.97 3.15 270) (size 0.95 1) (layers B.Cu B.Paste B.Mask)
      (net 5 +BATT))
    (pad 3 smd rect (at 0 -1.2 270) (size 3.2 4.9) (layers B.Cu B.Mask)
      (net 2 MAIN_OUT))
    (pad 2 smd rect (at 0.97 3.15 270) (size 0.95 1) (layers B.Cu B.Paste B.Mask)
      (net 5 +BATT))
    (pad "" smd rect (at -0.9 0.6 270) (size 1.3 1.2) (layers B.Paste))
    (pad "" smd rect (at -0.9 -1.2 270) (size 1.3 1.2) (layers B.Paste))
    (pad "" smd rect (at 0.9 0.6 270) (size 1.3 1.2) (layers B.Paste))
    (pad "" smd rect (at 0.9 -1.2 270) (size 1.3 1.2) (layers B.Paste))
    (pad "" smd rect (at -0.9 -3 270) (size 1.3 1.2) (layers B.Paste))
    (pad "" smd rect (at 0.9 -3 270) (size 1.3 1.2) (layers B.Paste))
    (model ${KISYS3DMOD}/Package_TO_SOT_SMD.3dshapes/TO-277B.wrl
      (at (xyz 0 0 0))
      (scale (xyz 1 1 1))
      (rotate (xyz 0 0 0))
    )
  )

  (module LED_THT:LED_D3.0mm (layer F.Cu) (tedit 587A3A7B) (tstamp 5D05150E)
    (at 48.75 34.75)
    (descr "LED, diameter 3.0mm, 2 pins")
    (tags "LED diameter 3.0mm 2 pins")
    (path /5D055FA7)
    (fp_text reference D2 (at 1.27 -2.96) (layer F.SilkS)
      (effects (font (size 1 1) (thickness 0.15)))
    )
    (fp_text value LED (at 1.27 2.96) (layer F.Fab)
      (effects (font (size 1 1) (thickness 0.15)))
    )
    (fp_arc (start 1.27 0) (end -0.23 -1.16619) (angle 284.3) (layer F.Fab) (width 0.1))
    (fp_arc (start 1.27 0) (end -0.29 -1.235516) (angle 108.8) (layer F.SilkS) (width 0.12))
    (fp_arc (start 1.27 0) (end -0.29 1.235516) (angle -108.8) (layer F.SilkS) (width 0.12))
    (fp_arc (start 1.27 0) (end 0.229039 -1.08) (angle 87.9) (layer F.SilkS) (width 0.12))
    (fp_arc (start 1.27 0) (end 0.229039 1.08) (angle -87.9) (layer F.SilkS) (width 0.12))
    (fp_circle (center 1.27 0) (end 2.77 0) (layer F.Fab) (width 0.1))
    (fp_line (start -0.23 -1.16619) (end -0.23 1.16619) (layer F.Fab) (width 0.1))
    (fp_line (start -0.29 -1.236) (end -0.29 -1.08) (layer F.SilkS) (width 0.12))
    (fp_line (start -0.29 1.08) (end -0.29 1.236) (layer F.SilkS) (width 0.12))
    (fp_line (start -1.15 -2.25) (end -1.15 2.25) (layer F.CrtYd) (width 0.05))
    (fp_line (start -1.15 2.25) (end 3.7 2.25) (layer F.CrtYd) (width 0.05))
    (fp_line (start 3.7 2.25) (end 3.7 -2.25) (layer F.CrtYd) (width 0.05))
    (fp_line (start 3.7 -2.25) (end -1.15 -2.25) (layer F.CrtYd) (width 0.05))
    (pad 1 thru_hole rect (at 0 0) (size 1.8 1.8) (drill 0.9) (layers *.Cu *.Mask)
      (net 1 GNDPWR))
    (pad 2 thru_hole circle (at 2.54 0) (size 1.8 1.8) (drill 0.9) (layers *.Cu *.Mask)
      (net 6 "Net-(D2-Pad2)"))
    (model ${KISYS3DMOD}/LED_THT.3dshapes/LED_D3.0mm.wrl
      (at (xyz 0 0 0))
      (scale (xyz 1 1 1))
      (rotate (xyz 0 0 0))
    )
  )

  (module LED_THT:LED_D3.0mm (layer F.Cu) (tedit 587A3A7B) (tstamp 5D051521)
    (at 53.75 33.5)
    (descr "LED, diameter 3.0mm, 2 pins")
    (tags "LED diameter 3.0mm 2 pins")
    (path /5D056F3E)
    (fp_text reference D3 (at 1.27 -2.96) (layer F.SilkS)
      (effects (font (size 1 1) (thickness 0.15)))
    )
    (fp_text value LED (at 1.27 2.96) (layer F.Fab)
      (effects (font (size 1 1) (thickness 0.15)))
    )
    (fp_line (start 3.7 -2.25) (end -1.15 -2.25) (layer F.CrtYd) (width 0.05))
    (fp_line (start 3.7 2.25) (end 3.7 -2.25) (layer F.CrtYd) (width 0.05))
    (fp_line (start -1.15 2.25) (end 3.7 2.25) (layer F.CrtYd) (width 0.05))
    (fp_line (start -1.15 -2.25) (end -1.15 2.25) (layer F.CrtYd) (width 0.05))
    (fp_line (start -0.29 1.08) (end -0.29 1.236) (layer F.SilkS) (width 0.12))
    (fp_line (start -0.29 -1.236) (end -0.29 -1.08) (layer F.SilkS) (width 0.12))
    (fp_line (start -0.23 -1.16619) (end -0.23 1.16619) (layer F.Fab) (width 0.1))
    (fp_circle (center 1.27 0) (end 2.77 0) (layer F.Fab) (width 0.1))
    (fp_arc (start 1.27 0) (end 0.229039 1.08) (angle -87.9) (layer F.SilkS) (width 0.12))
    (fp_arc (start 1.27 0) (end 0.229039 -1.08) (angle 87.9) (layer F.SilkS) (width 0.12))
    (fp_arc (start 1.27 0) (end -0.29 1.235516) (angle -108.8) (layer F.SilkS) (width 0.12))
    (fp_arc (start 1.27 0) (end -0.29 -1.235516) (angle 108.8) (layer F.SilkS) (width 0.12))
    (fp_arc (start 1.27 0) (end -0.23 -1.16619) (angle 284.3) (layer F.Fab) (width 0.1))
    (pad 2 thru_hole circle (at 2.54 0) (size 1.8 1.8) (drill 0.9) (layers *.Cu *.Mask)
      (net 7 "Net-(D3-Pad2)"))
    (pad 1 thru_hole rect (at 0 0) (size 1.8 1.8) (drill 0.9) (layers *.Cu *.Mask)
      (net 1 GNDPWR))
    (model ${KISYS3DMOD}/LED_THT.3dshapes/LED_D3.0mm.wrl
      (at (xyz 0 0 0))
      (scale (xyz 1 1 1))
      (rotate (xyz 0 0 0))
    )
  )

  (module LED_THT:LED_D3.0mm (layer F.Cu) (tedit 587A3A7B) (tstamp 5D051534)
    (at 115.2 54.6 180)
    (descr "LED, diameter 3.0mm, 2 pins")
    (tags "LED diameter 3.0mm 2 pins")
    (path /5D058294)
    (fp_text reference D4 (at 1.27 -2.96) (layer F.SilkS)
      (effects (font (size 1 1) (thickness 0.15)))
    )
    (fp_text value LED (at 1.27 2.96) (layer F.Fab)
      (effects (font (size 1 1) (thickness 0.15)))
    )
    (fp_arc (start 1.27 0) (end -0.23 -1.16619) (angle 284.3) (layer F.Fab) (width 0.1))
    (fp_arc (start 1.27 0) (end -0.29 -1.235516) (angle 108.8) (layer F.SilkS) (width 0.12))
    (fp_arc (start 1.27 0) (end -0.29 1.235516) (angle -108.8) (layer F.SilkS) (width 0.12))
    (fp_arc (start 1.27 0) (end 0.229039 -1.08) (angle 87.9) (layer F.SilkS) (width 0.12))
    (fp_arc (start 1.27 0) (end 0.229039 1.08) (angle -87.9) (layer F.SilkS) (width 0.12))
    (fp_circle (center 1.27 0) (end 2.77 0) (layer F.Fab) (width 0.1))
    (fp_line (start -0.23 -1.16619) (end -0.23 1.16619) (layer F.Fab) (width 0.1))
    (fp_line (start -0.29 -1.236) (end -0.29 -1.08) (layer F.SilkS) (width 0.12))
    (fp_line (start -0.29 1.08) (end -0.29 1.236) (layer F.SilkS) (width 0.12))
    (fp_line (start -1.15 -2.25) (end -1.15 2.25) (layer F.CrtYd) (width 0.05))
    (fp_line (start -1.15 2.25) (end 3.7 2.25) (layer F.CrtYd) (width 0.05))
    (fp_line (start 3.7 2.25) (end 3.7 -2.25) (layer F.CrtYd) (width 0.05))
    (fp_line (start 3.7 -2.25) (end -1.15 -2.25) (layer F.CrtYd) (width 0.05))
    (pad 1 thru_hole rect (at 0 0 180) (size 1.8 1.8) (drill 0.9) (layers *.Cu *.Mask)
      (net 4 GND))
    (pad 2 thru_hole circle (at 2.54 0 180) (size 1.8 1.8) (drill 0.9) (layers *.Cu *.Mask)
      (net 8 "Net-(D4-Pad2)"))
    (model ${KISYS3DMOD}/LED_THT.3dshapes/LED_D3.0mm.wrl
      (at (xyz 0 0 0))
      (scale (xyz 1 1 1))
      (rotate (xyz 0 0 0))
    )
  )

  (module Mizz_lib:XA_2P (layer F.Cu) (tedit 5CFF4DEE) (tstamp 5D051542)
    (at 108.5 60.5)
    (path /5D059DF5)
    (fp_text reference P1 (at 1.25 -4.25) (layer F.SilkS) hide
      (effects (font (size 1 1) (thickness 0.15)))
    )
    (fp_text value 5V (at 5 -4) (layer F.SilkS)
      (effects (font (size 0.8 0.8) (thickness 0.2)))
    )
    (fp_line (start -2.5 3.2) (end -0.5 3.2) (layer F.SilkS) (width 0.5))
    (fp_line (start -0.5 3.2) (end -0.5 2.2) (layer F.SilkS) (width 0.5))
    (fp_line (start -0.5 2.2) (end 3 2.2) (layer F.SilkS) (width 0.5))
    (fp_line (start 3 2.2) (end 3 3.2) (layer F.SilkS) (width 0.5))
    (fp_line (start 3 3.2) (end 5 3.2) (layer F.SilkS) (width 0.5))
    (fp_line (start -2.5 -3.2) (end -2.5 3.2) (layer F.SilkS) (width 0.5))
    (fp_line (start 5 3.2) (end 5 -3.2) (layer F.SilkS) (width 0.5))
    (fp_line (start 5 -3.2) (end -2.5 -3.2) (layer F.SilkS) (width 0.5))
    (pad 2 thru_hole oval (at 0 0) (size 1.5 2.5) (drill 1) (layers *.Cu *.Mask F.SilkS)
      (net 3 +5V))
    (pad 1 thru_hole oval (at 2.5 0) (size 1.5 2.5) (drill 1) (layers *.Cu *.Mask F.SilkS)
      (net 4 GND))
    (model C:/Users/81906/Documents/Ki-Cad_Lib/3Dmodel/B02B-XASK-1N/B02B-XASK-1N.STEP
      (offset (xyz 1.25 0 0))
      (scale (xyz 1 1 1))
      (rotate (xyz -90 0 0))
    )
  )

  (module Mizz_lib:XT90PB (layer F.Cu) (tedit 5C502BD1) (tstamp 5D05155E)
    (at 57.75 42 180)
    (path /5D04BEE5)
    (fp_text reference P3 (at 0 0.5) (layer F.SilkS) hide
      (effects (font (size 1 1) (thickness 0.15)))
    )
    (fp_text value BATT_IN (at 0 -0.5) (layer F.SilkS)
      (effects (font (size 1 1) (thickness 0.15)))
    )
    (fp_text user + (at -10.4 -0.05) (layer F.Fab)
      (effects (font (size 3 3) (thickness 0.15)))
    )
    (fp_line (start -10.4 4.95) (end 7.95 4.95) (layer F.SilkS) (width 0.15))
    (fp_line (start -10.4 -4.95) (end -10.4 4.95) (layer F.SilkS) (width 0.15))
    (fp_line (start 7.95 -4.95) (end -10.4 -4.95) (layer F.SilkS) (width 0.15))
    (fp_line (start 7.95 4.95) (end 10.4 2.45) (layer F.SilkS) (width 0.15))
    (fp_line (start 7.95 -4.95) (end 10.4 -2.5) (layer F.SilkS) (width 0.15))
    (fp_line (start 10.4 0) (end 10.4 2.45) (layer F.SilkS) (width 0.15))
    (fp_line (start 10.4 0.05) (end 10.4 -2.5) (layer F.SilkS) (width 0.15))
    (pad 1 thru_hole circle (at 5.5 0 180) (size 8.5 8.5) (drill 6.5) (layers *.Cu *.Mask)
      (net 1 GNDPWR))
    (pad 2 thru_hole circle (at -5.5 0 180) (size 8.5 8.5) (drill 6.5) (layers *.Cu *.Mask)
      (net 5 +BATT))
  )

  (module Mizz_lib:XT90PB (layer F.Cu) (tedit 5C502BD1) (tstamp 5D05156C)
    (at 57.75 52.75 180)
    (path /5D04B6F2)
    (fp_text reference P4 (at 0 0.5) (layer F.SilkS) hide
      (effects (font (size 1 1) (thickness 0.15)))
    )
    (fp_text value BATT_IN (at 0 -0.5) (layer F.SilkS)
      (effects (font (size 1 1) (thickness 0.15)))
    )
    (fp_line (start 10.4 0.05) (end 10.4 -2.5) (layer F.SilkS) (width 0.15))
    (fp_line (start 10.4 0) (end 10.4 2.45) (layer F.SilkS) (width 0.15))
    (fp_line (start 7.95 -4.95) (end 10.4 -2.5) (layer F.SilkS) (width 0.15))
    (fp_line (start 7.95 4.95) (end 10.4 2.45) (layer F.SilkS) (width 0.15))
    (fp_line (start 7.95 -4.95) (end -10.4 -4.95) (layer F.SilkS) (width 0.15))
    (fp_line (start -10.4 -4.95) (end -10.4 4.95) (layer F.SilkS) (width 0.15))
    (fp_line (start -10.4 4.95) (end 7.95 4.95) (layer F.SilkS) (width 0.15))
    (fp_text user + (at -10.4 -0.05) (layer F.Fab)
      (effects (font (size 3 3) (thickness 0.15)))
    )
    (pad 2 thru_hole circle (at -5.5 0 180) (size 8.5 8.5) (drill 6.5) (layers *.Cu *.Mask)
      (net 5 +BATT))
    (pad 1 thru_hole circle (at 5.5 0 180) (size 8.5 8.5) (drill 6.5) (layers *.Cu *.Mask)
      (net 1 GNDPWR))
  )

  (module Mizz_lib:XA_2P (layer F.Cu) (tedit 5CFF4DEE) (tstamp 5D05157A)
    (at 116 60.5)
    (path /5D06867F)
    (fp_text reference P5 (at 1.25 -4.25) (layer F.SilkS) hide
      (effects (font (size 1 1) (thickness 0.15)))
    )
    (fp_text value 5V (at 5 -4) (layer F.SilkS)
      (effects (font (size 0.8 0.8) (thickness 0.2)))
    )
    (fp_line (start 5 -3.2) (end -2.5 -3.2) (layer F.SilkS) (width 0.5))
    (fp_line (start 5 3.2) (end 5 -3.2) (layer F.SilkS) (width 0.5))
    (fp_line (start -2.5 -3.2) (end -2.5 3.2) (layer F.SilkS) (width 0.5))
    (fp_line (start 3 3.2) (end 5 3.2) (layer F.SilkS) (width 0.5))
    (fp_line (start 3 2.2) (end 3 3.2) (layer F.SilkS) (width 0.5))
    (fp_line (start -0.5 2.2) (end 3 2.2) (layer F.SilkS) (width 0.5))
    (fp_line (start -0.5 3.2) (end -0.5 2.2) (layer F.SilkS) (width 0.5))
    (fp_line (start -2.5 3.2) (end -0.5 3.2) (layer F.SilkS) (width 0.5))
    (pad 1 thru_hole oval (at 2.5 0) (size 1.5 2.5) (drill 1) (layers *.Cu *.Mask F.SilkS)
      (net 4 GND))
    (pad 2 thru_hole oval (at 0 0) (size 1.5 2.5) (drill 1) (layers *.Cu *.Mask F.SilkS)
      (net 3 +5V))
    (model C:/Users/81906/Documents/Ki-Cad_Lib/3Dmodel/B02B-XASK-1N/B02B-XASK-1N.STEP
      (offset (xyz 1.25 0 0))
      (scale (xyz 1 1 1))
      (rotate (xyz -90 0 0))
    )
  )

  (module Resistor_SMD:R_0603_1608Metric (layer B.Cu) (tedit 5B301BBD) (tstamp 5D0515AD)
    (at 58.5 37.5 180)
    (descr "Resistor SMD 0603 (1608 Metric), square (rectangular) end terminal, IPC_7351 nominal, (Body size source: http://www.tortai-tech.com/upload/download/2011102023233369053.pdf), generated with kicad-footprint-generator")
    (tags resistor)
    (path /5D055D9A)
    (attr smd)
    (fp_text reference R3 (at 0 1.43) (layer B.SilkS)
      (effects (font (size 1 1) (thickness 0.15)) (justify mirror))
    )
    (fp_text value 4.7k (at 0 0.07) (layer B.Fab)
      (effects (font (size 1 1) (thickness 0.15)) (justify mirror))
    )
    (fp_line (start -0.8 -0.4) (end -0.8 0.4) (layer B.Fab) (width 0.1))
    (fp_line (start -0.8 0.4) (end 0.8 0.4) (layer B.Fab) (width 0.1))
    (fp_line (start 0.8 0.4) (end 0.8 -0.4) (layer B.Fab) (width 0.1))
    (fp_line (start 0.8 -0.4) (end -0.8 -0.4) (layer B.Fab) (width 0.1))
    (fp_line (start -0.162779 0.51) (end 0.162779 0.51) (layer B.SilkS) (width 0.12))
    (fp_line (start -0.162779 -0.51) (end 0.162779 -0.51) (layer B.SilkS) (width 0.12))
    (fp_line (start -1.48 -0.73) (end -1.48 0.73) (layer B.CrtYd) (width 0.05))
    (fp_line (start -1.48 0.73) (end 1.48 0.73) (layer B.CrtYd) (width 0.05))
    (fp_line (start 1.48 0.73) (end 1.48 -0.73) (layer B.CrtYd) (width 0.05))
    (fp_line (start 1.48 -0.73) (end -1.48 -0.73) (layer B.CrtYd) (width 0.05))
    (fp_text user %R (at 0 0) (layer B.Fab)
      (effects (font (size 0.4 0.4) (thickness 0.06)) (justify mirror))
    )
    (pad 1 smd roundrect (at -0.7875 0 180) (size 0.875 0.95) (layers B.Cu B.Paste B.Mask) (roundrect_rratio 0.25)
      (net 5 +BATT))
    (pad 2 smd roundrect (at 0.7875 0 180) (size 0.875 0.95) (layers B.Cu B.Paste B.Mask) (roundrect_rratio 0.25)
      (net 6 "Net-(D2-Pad2)"))
    (model ${KISYS3DMOD}/Resistor_SMD.3dshapes/R_0603_1608Metric.wrl
      (at (xyz 0 0 0))
      (scale (xyz 1 1 1))
      (rotate (xyz 0 0 0))
    )
  )

  (module Resistor_SMD:R_0603_1608Metric (layer B.Cu) (tedit 5B301BBD) (tstamp 5D0515BE)
    (at 59.25 33.5 180)
    (descr "Resistor SMD 0603 (1608 Metric), square (rectangular) end terminal, IPC_7351 nominal, (Body size source: http://www.tortai-tech.com/upload/download/2011102023233369053.pdf), generated with kicad-footprint-generator")
    (tags resistor)
    (path /5D056F34)
    (attr smd)
    (fp_text reference R4 (at 0 1.43) (layer B.SilkS)
      (effects (font (size 1 1) (thickness 0.15)) (justify mirror))
    )
    (fp_text value 4.7k (at 0 -1.43) (layer B.Fab)
      (effects (font (size 1 1) (thickness 0.15)) (justify mirror))
    )
    (fp_text user %R (at 0 0) (layer B.Fab)
      (effects (font (size 0.4 0.4) (thickness 0.06)) (justify mirror))
    )
    (fp_line (start 1.48 -0.73) (end -1.48 -0.73) (layer B.CrtYd) (width 0.05))
    (fp_line (start 1.48 0.73) (end 1.48 -0.73) (layer B.CrtYd) (width 0.05))
    (fp_line (start -1.48 0.73) (end 1.48 0.73) (layer B.CrtYd) (width 0.05))
    (fp_line (start -1.48 -0.73) (end -1.48 0.73) (layer B.CrtYd) (width 0.05))
    (fp_line (start -0.162779 -0.51) (end 0.162779 -0.51) (layer B.SilkS) (width 0.12))
