(kicad_pcb (version 20171130) (host pcbnew "(5.1.4)-1")

  (general
    (thickness 1.6)
    (drawings 42)
    (tracks 1053)
    (zones 0)
    (modules 206)
    (nets 172)
  )

  (page A4)
  (layers
    (0 F.Cu signal)
    (31 B.Cu signal)
    (32 B.Adhes user)
    (33 F.Adhes user)
    (34 B.Paste user)
    (35 F.Paste user)
    (36 B.SilkS user)
    (37 F.SilkS user)
    (38 B.Mask user)
    (39 F.Mask user)
    (40 Dwgs.User user)
    (41 Cmts.User user)
    (42 Eco1.User user)
    (43 Eco2.User user)
    (44 Edge.Cuts user)
    (45 Margin user)
    (46 B.CrtYd user)
    (47 F.CrtYd user)
    (48 B.Fab user)
    (49 F.Fab user)
  )

  (setup
    (last_trace_width 0.25)
    (user_trace_width 0.2)
    (user_trace_width 0.3)
    (user_trace_width 0.5)
    (user_trace_width 1)
    (user_trace_width 1.5)
    (trace_clearance 0.2)
    (zone_clearance 0.5)
    (zone_45_only no)
    (trace_min 0.2)
    (via_size 0.8)
    (via_drill 0.4)
    (via_min_size 0.4)
    (via_min_drill 0.3)
    (user_via 0.5 0.3)
    (user_via 1 0.5)
    (user_via 1.5 0.75)
    (user_via 6 3)
    (uvia_size 0.3)
    (uvia_drill 0.1)
    (uvias_allowed no)
    (uvia_min_size 0.2)
    (uvia_min_drill 0.1)
    (edge_width 0.05)
    (segment_width 0.2)
    (pcb_text_width 0.3)
    (pcb_text_size 1.5 1.5)
    (mod_edge_width 0.12)
    (mod_text_size 1 1)
    (mod_text_width 0.15)
    (pad_size 1.524 1.524)
    (pad_drill 0.762)
    (pad_to_mask_clearance 0.051)
    (solder_mask_min_width 0.25)
    (aux_axis_origin 0 0)
    (visible_elements 7FFFFF7F)
    (pcbplotparams
      (layerselection 0x010f0_ffffffff)
      (usegerberextensions false)
      (usegerberattributes false)
      (usegerberadvancedattributes false)
      (creategerberjobfile false)
      (excludeedgelayer true)
      (linewidth 0.100000)
      (plotframeref false)
      (viasonmask false)
      (mode 1)
      (useauxorigin false)
      (hpglpennumber 1)
      (hpglpenspeed 20)
      (hpglpendiameter 15.000000)
      (psnegative false)
      (psa4output false)
      (plotreference true)
      (plotvalue true)
      (plotinvisibletext false)
      (padsonsilk false)
      (subtractmaskfromsilk false)
      (outputformat 1)
      (mirror false)
      (drillshape 0)
      (scaleselection 1)
      (outputdirectory "C:/Users/3Zuta/OneDrive/デスクトップ/Ki-CAD_Project/工大祭/工大祭MD/MD_Enbarr_x2/加工/"))
  )

  (net 0 "")
  (net 1 /OSC_IN)
  (net 2 GND)
  (net 3 /~RST)
  (net 4 /OSC_OUT)
  (net 5 +3V3)
  (net 6 /CAN_Vdd)
  (net 7 "Net-(C13-Pad1)")
  (net 8 "Net-(C14-Pad1)")
  (net 9 /FB_PWR_OUT)
  (net 10 /FB_PWR)
  (net 11 "Net-(C19-Pad1)")
  (net 12 "Net-(C20-Pad1)")
  (net 13 GNDPWR)
  (net 14 +3.3VP)
  (net 15 "Net-(C23-Pad2)")
  (net 16 "Net-(C23-Pad1)")
  (net 17 /Voltage)
  (net 18 /batt)
  (net 19 +12P)
  (net 20 "Net-(C30-Pad1)")
  (net 21 "Net-(C31-Pad1)")
  (net 22 +BATT)
  (net 23 +5V)
  (net 24 "Net-(D2-Pad2)")
  (net 25 "Net-(D3-Pad2)")
  (net 26 "Net-(D4-Pad2)")
  (net 27 +12V)
  (net 28 /PWM0_L)
  (net 29 /PWM0_R)
  (net 30 "Net-(D13-Pad2)")
  (net 31 "Net-(D14-Pad2)")
  (net 32 "Net-(D19-Pad2)")
  (net 33 "Net-(D20-Pad2)")
  (net 34 "Net-(D21-Pad2)")
  (net 35 "Net-(D22-Pad2)")
  (net 36 "Net-(D23-Pad2)")
  (net 37 "Net-(D26-Pad2)")
  (net 38 "Net-(JP1-Pad1)")
  (net 39 /CAN_H)
  (net 40 "Net-(JP2-Pad2)")
  (net 41 /SWCLK)
  (net 42 /SWDIO)
  (net 43 "Net-(P1-Pad6)")
  (net 44 /CAN_L)
  (net 45 /USART2_RX)
  (net 46 /USART2_TX)
  (net 47 /PA4)
  (net 48 "Net-(P7-Pad2)")
  (net 49 "Net-(R1-Pad1)")
  (net 50 /SW0)
  (net 51 /SW1)
  (net 52 /LED0)
  (net 53 /LED1)
  (net 54 /LED2)
  (net 55 "Net-(R9-Pad2)")
  (net 56 /EN0)
  (net 57 "Net-(R11-Pad1)")
  (net 58 "Net-(R12-Pad1)")
  (net 59 "Net-(R17-Pad2)")
  (net 60 "Net-(R18-Pad2)")
  (net 61 "Net-(R30-Pad2)")
  (net 62 "Net-(R31-Pad2)")
  (net 63 "Net-(R35-Pad1)")
  (net 64 /FB)
  (net 65 /PA8)
  (net 66 "Net-(R40-Pad1)")
  (net 67 /ADR_1)
  (net 68 /ADR_8)
  (net 69 /ADR_4)
  (net 70 /ADR_2)
  (net 71 /CAN1_RX)
  (net 72 /CAN1_TX)
  (net 73 "Net-(U3-Pad30)")
  (net 74 "Net-(U3-Pad40)")
  (net 75 /USART1_TX)
  (net 76 /USART1_RX)
  (net 77 /PA11)
  (net 78 "Net-(U3-Pad45)")
  (net 79 "Net-(U3-Pad51)")
  (net 80 "Net-(U3-Pad54)")
  (net 81 "Net-(U3-Pad55)")
  (net 82 "Net-(U3-Pad59)")
  (net 83 "Net-(U4-Pad13)")
  (net 84 "Net-(U4-Pad12)")
  (net 85 "Net-(U4-Pad7)")
  (net 86 "Net-(U4-Pad2)")
  (net 87 "Net-(U5-Pad6)")
  (net 88 "Net-(U5-Pad11)")
  (net 89 "Net-(U5-Pad14)")
  (net 90 "Net-(U5-Pad15)")
  (net 91 "Net-(D27-Pad2)")
  (net 92 "Net-(P11-Pad4)")
  (net 93 "Net-(P11-Pad3)")
  (net 94 /TIM3_CH1)
  (net 95 /TIM3_CH2)
  (net 96 "Net-(C39-Pad1)")
  (net 97 "Net-(C39-Pad2)")
  (net 98 /ADC_~RST)
  (net 99 "Net-(D7-Pad1)")
  (net 100 "Net-(D8-Pad1)")
  (net 101 "Net-(D9-Pad1)")
  (net 102 "Net-(D32-Pad2)")
  (net 103 "Net-(D33-Pad2)")
  (net 104 "Net-(D34-Pad2)")
  (net 105 /OUT0_L)
  (net 106 /CounterVoltage0)
  (net 107 /OUT0_R)
  (net 108 /OUT1_L)
  (net 109 "Net-(C48-Pad1)")
  (net 110 /Current1)
  (net 111 /Current0)
  (net 112 /OUT1_R)
  (net 113 /CounterVoltage1)
  (net 114 /PWM1_R)
  (net 115 "Net-(D17-Pad2)")
  (net 116 /MOTOR0_BATT)
  (net 117 /PWM1_L)
  (net 118 /LED3)
  (net 119 "Net-(D39-Pad1)")
  (net 120 /MOTOR1_BATT)
  (net 121 "Net-(D47-Pad2)")
  (net 122 "Net-(P13-Pad3)")
  (net 123 "Net-(P13-Pad4)")
  (net 124 /TIM5_CH1)
  (net 125 /TIM5_CH2)
  (net 126 /EN1)
  (net 127 "Net-(R57-Pad1)")
  (net 128 "Net-(R60-Pad1)")
  (net 129 "Net-(U8-Pad13)")
  (net 130 "Net-(U8-Pad12)")
  (net 131 "Net-(U8-Pad7)")
  (net 132 "Net-(U8-Pad2)")
  (net 133 "Net-(U14-Pad2)")
  (net 134 "Net-(U14-Pad7)")
  (net 135 "Net-(U14-Pad12)")
  (net 136 "Net-(U14-Pad13)")
  (net 137 /PA5)
  (net 138 /PA15)
  (net 139 "Net-(U3-Pad52)")
  (net 140 "Net-(U3-Pad53)")
  (net 141 /MODE)
  (net 142 "Net-(C45-Pad1)")
  (net 143 "Net-(C46-Pad1)")
  (net 144 "Net-(C49-Pad1)")
  (net 145 "Net-(D1-Pad2)")
  (net 146 "Net-(D11-Pad2)")
  (net 147 "Net-(Q1-PadG)")
  (net 148 "Net-(Q2-PadG)")
  (net 149 "Net-(Q3-PadG)")
  (net 150 "Net-(Q4-PadG)")
  (net 151 "Net-(Q5-PadG)")
  (net 152 "Net-(Q6-PadG)")
  (net 153 "Net-(Q7-PadG)")
  (net 154 "Net-(Q8-PadG)")
  (net 155 "Net-(R13-Pad1)")
  (net 156 "Net-(R53-Pad2)")
  (net 157 "Net-(R54-Pad2)")
  (net 158 "Net-(R63-Pad2)")
  (net 159 "Net-(R64-Pad2)")
  (net 160 "Net-(R65-Pad1)")
  (net 161 "Net-(U12-Pad2)")
  (net 162 "Net-(U12-Pad7)")
  (net 163 "Net-(U12-Pad12)")
  (net 164 "Net-(U12-Pad13)")
  (net 165 /Motor0R_Tmp)
  (net 166 /Motor0L_Tmp)
  (net 167 /Motor1L_Tmp)
  (net 168 /Motor1R_Tmp)
  (net 169 "Net-(U3-Pad22)")
  (net 170 "Net-(U3-Pad23)")
  (net 171 "Net-(U3-Pad26)")

  (net_class Default "これはデフォルトのネット クラスです。"
    (clearance 0.2)
    (trace_width 0.25)
    (via_dia 0.8)
    (via_drill 0.4)
    (uvia_dia 0.3)
    (uvia_drill 0.1)
    (add_net +12P)
    (add_net +12V)
    (add_net +3.3VP)
    (add_net +3V3)
    (add_net +5V)
    (add_net +BATT)
    (add_net /ADC_~RST)
    (add_net /ADR_1)
    (add_net /ADR_2)
    (add_net /ADR_4)
    (add_net /ADR_8)
    (add_net /CAN1_RX)
    (add_net /CAN1_TX)
    (add_net /CAN_H)
    (add_net /CAN_L)
    (add_net /CAN_Vdd)
    (add_net /CounterVoltage0)
    (add_net /CounterVoltage1)
    (add_net /Current0)
    (add_net /Current1)
    (add_net /EN0)
    (add_net /EN1)
    (add_net /FB)
    (add_net /FB_PWR)
    (add_net /FB_PWR_OUT)
    (add_net /LED0)
    (add_net /LED1)
    (add_net /LED2)
    (add_net /LED3)
    (add_net /MODE)
    (add_net /MOTOR0_BATT)
    (add_net /MOTOR1_BATT)
    (add_net /Motor0L_Tmp)
    (add_net /Motor0R_Tmp)
    (add_net /Motor1L_Tmp)
    (add_net /Motor1R_Tmp)
    (add_net /OSC_IN)
    (add_net /OSC_OUT)
    (add_net /OUT0_L)
    (add_net /OUT0_R)
    (add_net /OUT1_L)
    (add_net /OUT1_R)
    (add_net /PA11)
    (add_net /PA15)
    (add_net /PA4)
    (add_net /PA5)
    (add_net /PA8)
    (add_net /PWM0_L)
    (add_net /PWM0_R)
    (add_net /PWM1_L)
    (add_net /PWM1_R)
    (add_net /SW0)
    (add_net /SW1)
    (add_net /SWCLK)
    (add_net /SWDIO)
    (add_net /TIM3_CH1)
    (add_net /TIM3_CH2)
    (add_net /TIM5_CH1)
    (add_net /TIM5_CH2)
    (add_net /USART1_RX)
    (add_net /USART1_TX)
    (add_net /USART2_RX)
    (add_net /USART2_TX)
    (add_net /Voltage)
    (add_net /batt)
    (add_net /~RST)
    (add_net GND)
    (add_net GNDPWR)
    (add_net "Net-(C13-Pad1)")
    (add_net "Net-(C14-Pad1)")
    (add_net "Net-(C19-Pad1)")
    (add_net "Net-(C20-Pad1)")
    (add_net "Net-(C23-Pad1)")
    (add_net "Net-(C23-Pad2)")
    (add_net "Net-(C30-Pad1)")
    (add_net "Net-(C31-Pad1)")
    (add_net "Net-(C39-Pad1)")
    (add_net "Net-(C39-Pad2)")
    (add_net "Net-(C45-Pad1)")
    (add_net "Net-(C46-Pad1)")
    (add_net "Net-(C48-Pad1)")
    (add_net "Net-(C49-Pad1)")
    (add_net "Net-(D1-Pad2)")
    (add_net "Net-(D11-Pad2)")
    (add_net "Net-(D13-Pad2)")
    (add_net "Net-(D14-Pad2)")
    (add_net "Net-(D17-Pad2)")
    (add_net "Net-(D19-Pad2)")
    (add_net "Net-(D2-Pad2)")
    (add_net "Net-(D20-Pad2)")
    (add_net "Net-(D21-Pad2)")
    (add_net "Net-(D22-Pad2)")
    (add_net "Net-(D23-Pad2)")
    (add_net "Net-(D26-Pad2)")
    (add_net "Net-(D27-Pad2)")
    (add_net "Net-(D3-Pad2)")
    (add_net "Net-(D32-Pad2)")
    (add_net "Net-(D33-Pad2)")
    (add_net "Net-(D34-Pad2)")
    (add_net "Net-(D39-Pad1)")
    (add_net "Net-(D4-Pad2)")
    (add_net "Net-(D47-Pad2)")
    (add_net "Net-(D7-Pad1)")
    (add_net "Net-(D8-Pad1)")
    (add_net "Net-(D9-Pad1)")
    (add_net "Net-(JP1-Pad1)")
    (add_net "Net-(JP2-Pad2)")
    (add_net "Net-(P1-Pad6)")
    (add_net "Net-(P11-Pad3)")
    (add_net "Net-(P11-Pad4)")
    (add_net "Net-(P13-Pad3)")
    (add_net "Net-(P13-Pad4)")
    (add_net "Net-(P7-Pad2)")
    (add_net "Net-(Q1-PadG)")
    (add_net "Net-(Q2-PadG)")
    (add_net "Net-(Q3-PadG)")
    (add_net "Net-(Q4-PadG)")
    (add_net "Net-(Q5-PadG)")
    (add_net "Net-(Q6-PadG)")
    (add_net "Net-(Q7-PadG)")
    (add_net "Net-(Q8-PadG)")
    (add_net "Net-(R1-Pad1)")
    (add_net "Net-(R11-Pad1)")
    (add_net "Net-(R12-Pad1)")
    (add_net "Net-(R13-Pad1)")
    (add_net "Net-(R17-Pad2)")
    (add_net "Net-(R18-Pad2)")
    (add_net "Net-(R30-Pad2)")
    (add_net "Net-(R31-Pad2)")
    (add_net "Net-(R35-Pad1)")
    (add_net "Net-(R40-Pad1)")
    (add_net "Net-(R53-Pad2)")
    (add_net "Net-(R54-Pad2)")
    (add_net "Net-(R57-Pad1)")
    (add_net "Net-(R60-Pad1)")
    (add_net "Net-(R63-Pad2)")
    (add_net "Net-(R64-Pad2)")
    (add_net "Net-(R65-Pad1)")
    (add_net "Net-(R9-Pad2)")
    (add_net "Net-(U12-Pad12)")
    (add_net "Net-(U12-Pad13)")
    (add_net "Net-(U12-Pad2)")
    (add_net "Net-(U12-Pad7)")
    (add_net "Net-(U14-Pad12)")
    (add_net "Net-(U14-Pad13)")
    (add_net "Net-(U14-Pad2)")
    (add_net "Net-(U14-Pad7)")
    (add_net "Net-(U3-Pad22)")
    (add_net "Net-(U3-Pad23)")
    (add_net "Net-(U3-Pad26)")
    (add_net "Net-(U3-Pad30)")
    (add_net "Net-(U3-Pad40)")
    (add_net "Net-(U3-Pad45)")
    (add_net "Net-(U3-Pad51)")
    (add_net "Net-(U3-Pad52)")
    (add_net "Net-(U3-Pad53)")
    (add_net "Net-(U3-Pad54)")
    (add_net "Net-(U3-Pad55)")
    (add_net "Net-(U3-Pad59)")
    (add_net "Net-(U4-Pad12)")
    (add_net "Net-(U4-Pad13)")
    (add_net "Net-(U4-Pad2)")
    (add_net "Net-(U4-Pad7)")
    (add_net "Net-(U5-Pad11)")
    (add_net "Net-(U5-Pad14)")
    (add_net "Net-(U5-Pad15)")
    (add_net "Net-(U5-Pad6)")
    (add_net "Net-(U8-Pad12)")
    (add_net "Net-(U8-Pad13)")
    (add_net "Net-(U8-Pad2)")
    (add_net "Net-(U8-Pad7)")
  )

  (module Resistor_SMD:R_0603_1608Metric (layer B.Cu) (tedit 5B301BBD) (tstamp 5D8F9676)
    (at 109.2 112.3 135)
    (descr "Resistor SMD 0603 (1608 Metric), square (rectangular) end terminal, IPC_7351 nominal, (Body size source: http://www.tortai-tech.com/upload/download/2011102023233369053.pdf), generated with kicad-footprint-generator")
    (tags resistor)
    (path /5E0E16A3)
    (attr smd)
    (fp_text reference R1 (at 0 1.43 135) (layer B.SilkS) hide
      (effects (font (size 1 1) (thickness 0.15)) (justify mirror))
    )
    (fp_text value 10k (at 2.474874 0 135) (layer B.SilkS)
      (effects (font (size 0.8 0.8) (thickness 0.15)) (justify mirror))
    )
    (fp_text user %R (at 0 0 135) (layer B.Fab)
      (effects (font (size 0.4 0.4) (thickness 0.06)) (justify mirror))
    )
    (fp_line (start 1.48 -0.73) (end -1.48 -0.73) (layer B.CrtYd) (width 0.05))
    (fp_line (start 1.48 0.73) (end 1.48 -0.73) (layer B.CrtYd) (width 0.05))
    (fp_line (start -1.48 0.73) (end 1.48 0.73) (layer B.CrtYd) (width 0.05))
    (fp_line (start -1.48 -0.73) (end -1.48 0.73) (layer B.CrtYd) (width 0.05))
    (fp_line (start -0.162779 -0.51) (end 0.162779 -0.51) (layer B.SilkS) (width 0.12))
    (fp_line (start -0.162779 0.51) (end 0.162779 0.51) (layer B.SilkS) (width 0.12))
    (fp_line (start 0.8 -0.4) (end -0.8 -0.4) (layer B.Fab) (width 0.1))
    (fp_line (start 0.8 0.4) (end 0.8 -0.4) (layer B.Fab) (width 0.1))
    (fp_line (start -0.8 0.4) (end 0.8 0.4) (layer B.Fab) (width 0.1))
    (fp_line (start -0.8 -0.4) (end -0.8 0.4) (layer B.Fab) (width 0.1))
    (pad 2 smd roundrect (at 0.7875 0 135) (size 0.875 0.95) (layers B.Cu B.Paste B.Mask) (roundrect_rratio 0.25)
      (net 2 GND))
    (pad 1 smd roundrect (at -0.7875 0 135) (size 0.875 0.95) (layers B.Cu B.Paste B.Mask) (roundrect_rratio 0.25)
      (net 49 "Net-(R1-Pad1)"))
    (model ${KISYS3DMOD}/Resistor_SMD.3dshapes/R_0603_1608Metric.wrl
      (at (xyz 0 0 0))
      (scale (xyz 1 1 1))
      (rotate (xyz 0 0 0))
    )
  )

  (module Diode_SMD:D_SOD-123 (layer B.Cu) (tedit 58645DC7) (tstamp 5D7BE91D)
    (at 139.45 64.95 180)
    (descr SOD-123)
    (tags SOD-123)
    (path /5E40DFA3)
    (attr smd)
    (fp_text reference D16 (at 0 2) (layer B.SilkS) hide
      (effects (font (size 1 1) (thickness 0.15)) (justify mirror))
    )
    (fp_text value DIODE (at 0 -2.1) (layer B.Fab)
      (effects (font (size 1 1) (thickness 0.15)) (justify mirror))
    )
    (fp_text user %R (at 0 2) (layer B.Fab)
      (effects (font (size 1 1) (thickness 0.15)) (justify mirror))
    )
    (fp_line (start -2.25 1) (end -2.25 -1) (layer B.SilkS) (width 0.12))
    (fp_line (start 0.25 0) (end 0.75 0) (layer B.Fab) (width 0.1))
    (fp_line (start 0.25 -0.4) (end -0.35 0) (layer B.Fab) (width 0.1))
    (fp_line (start 0.25 0.4) (end 0.25 -0.4) (layer B.Fab) (width 0.1))
    (fp_line (start -0.35 0) (end 0.25 0.4) (layer B.Fab) (width 0.1))
    (fp_line (start -0.35 0) (end -0.35 -0.55) (layer B.Fab) (width 0.1))
    (fp_line (start -0.35 0) (end -0.35 0.55) (layer B.Fab) (width 0.1))
    (fp_line (start -0.75 0) (end -0.35 0) (layer B.Fab) (width 0.1))
    (fp_line (start -1.4 -0.9) (end -1.4 0.9) (layer B.Fab) (width 0.1))
    (fp_line (start 1.4 -0.9) (end -1.4 -0.9) (layer B.Fab) (width 0.1))
    (fp_line (start 1.4 0.9) (end 1.4 -0.9) (layer B.Fab) (width 0.1))
    (fp_line (start -1.4 0.9) (end 1.4 0.9) (layer B.Fab) (width 0.1))
    (fp_line (start -2.35 1.15) (end 2.35 1.15) (layer B.CrtYd) (width 0.05))
    (fp_line (start 2.35 1.15) (end 2.35 -1.15) (layer B.CrtYd) (width 0.05))
    (fp_line (start 2.35 -1.15) (end -2.35 -1.15) (layer B.CrtYd) (width 0.05))
    (fp_line (start -2.35 1.15) (end -2.35 -1.15) (layer B.CrtYd) (width 0.05))
    (fp_line (start -2.25 -1) (end 1.65 -1) (layer B.SilkS) (width 0.12))
    (fp_line (start -2.25 1) (end 1.65 1) (layer B.SilkS) (width 0.12))
    (pad 1 smd rect (at -1.65 0 180) (size 0.9 1.2) (layers B.Cu B.Paste B.Mask)
      (net 16 "Net-(C23-Pad1)"))
    (pad 2 smd rect (at 1.65 0 180) (size 0.9 1.2) (layers B.Cu B.Paste B.Mask)
      (net 13 GNDPWR))
    (model ${KISYS3DMOD}/Diode_SMD.3dshapes/D_SOD-123.wrl
      (at (xyz 0 0 0))
      (scale (xyz 1 1 1))
      (rotate (xyz 0 0 0))
    )
  )

  (module Mizz_lib:HSOF-8-1 (layer B.Cu) (tedit 5DCA2DFD) (tstamp 5DE53F57)
    (at 94.725 60.05)
    (path /5DD192A7)
    (fp_text reference Q2 (at 0 -0.5) (layer B.SilkS)
      (effects (font (size 1 1) (thickness 0.15)) (justify mirror))
    )
    (fp_text value MOSFET_N (at 0 0.5) (layer B.Fab)
      (effects (font (size 1 1) (thickness 0.15)) (justify mirror))
    )
    (fp_circle (center 0 0) (end 1.2 0) (layer B.SilkS) (width 0.1))
    (fp_line (start -5 5.3) (end 5 5.3) (layer B.SilkS) (width 0.1))
    (fp_line (start 4.7 5) (end 5 5.3) (layer B.SilkS) (width 0.1))
    (fp_line (start -4.7 5) (end 4.7 5) (layer B.SilkS) (width 0.1))
    (fp_line (start -5 5.3) (end -4.7 5) (layer B.SilkS) (width 0.1))
    (fp_line (start -5 -5.4) (end 5 -5.4) (layer B.SilkS) (width 0.1))
    (fp_line (start 5 -5.4) (end 4.7 -5.1) (layer B.SilkS) (width 0.1))
    (fp_line (start -4.7 -5.1) (end -5 -5.4) (layer B.SilkS) (width 0.1))
    (fp_line (start -4.7 -5.1) (end 4.7 -5.1) (layer B.SilkS) (width 0.1))
    (fp_line (start 5 -5.4) (end 5 5.3) (layer B.SilkS) (width 0.1))
    (fp_line (start -5 5.3) (end -5 -5.4) (layer B.SilkS) (width 0.1))
    (fp_line (start -4.7 -1.4) (end -5 -1.1) (layer B.SilkS) (width 0.1))
    (fp_line (start -4.7 -1.4) (end -4.7 -5.1) (layer B.SilkS) (width 0.1))
    (fp_line (start -4.7 2.6) (end -5 2.3) (layer B.SilkS) (width 0.1))
    (fp_line (start -4.7 2.6) (end -4.7 5) (layer B.SilkS) (width 0.1))
    (fp_line (start -4.4 2.6) (end -4.7 2.6) (layer B.SilkS) (width 0.1))
    (fp_line (start -4.4 -1.4) (end -4.4 2.6) (layer B.SilkS) (width 0.1))
    (fp_line (start -4.7 -1.4) (end -4.4 -1.4) (layer B.SilkS) (width 0.1))
    (fp_line (start -4.7 2.3) (end -5 2.3) (layer B.SilkS) (width 0.1))
    (fp_line (start -4.4 2.6) (end -4.7 2.3) (layer B.SilkS) (width 0.1))
    (fp_line (start -4.7 -1.1) (end -4.4 -1.4) (layer B.SilkS) (width 0.1))
    (fp_line (start -4.7 2.3) (end -4.7 -1.1) (layer B.SilkS) (width 0.1))
    (fp_line (start -4.7 -1.1) (end -5 -1.1) (layer B.SilkS) (width 0.1))
    (fp_line (start 4.7 2.6) (end 5 2.3) (layer B.SilkS) (width 0.1))
    (fp_line (start 4.7 2.6) (end 4.7 5) (layer B.SilkS) (width 0.1))
    (fp_line (start 4.7 -1.4) (end 5 -1.1) (layer B.SilkS) (width 0.1))
    (fp_line (start 4.7 -5.1) (end 4.7 -1.4) (layer B.SilkS) (width 0.1))
    (fp_line (start 4.4 2.6) (end 4.7 2.6) (layer B.SilkS) (width 0.1))
    (fp_line (start 4.4 -1.4) (end 4.4 2.6) (layer B.SilkS) (width 0.1))
    (fp_line (start 4.7 -1.4) (end 4.4 -1.4) (layer B.SilkS) (width 0.1))
    (fp_line (start 4.7 2.3) (end 5 2.3) (layer B.SilkS) (width 0.1))
    (fp_line (start 4.4 2.6) (end 4.7 2.3) (layer B.SilkS) (width 0.1))
    (fp_line (start 4.7 -1.1) (end 4.4 -1.4) (layer B.SilkS) (width 0.1))
    (fp_line (start 4.7 2.3) (end 4.7 -1.1) (layer B.SilkS) (width 0.1))
    (fp_line (start 4.7 -1.1) (end 5 -1.1) (layer B.SilkS) (width 0.1))
    (fp_line (start -4.6 -5.4) (end -4.6 -6) (layer B.SilkS) (width 0.1))
    (fp_line (start -3.8 -6) (end -4.6 -6) (layer B.SilkS) (width 0.1))
    (fp_line (start -3.8 -5.4) (end -3.8 -6) (layer B.SilkS) (width 0.1))
    (fp_line (start 1 -6) (end 1 -5.4) (layer B.SilkS) (width 0.1))
    (fp_line (start 0.2 -6) (end 1 -6) (layer B.SilkS) (width 0.1))
    (fp_line (start 0.2 -5.4) (end 0.2 -6) (layer B.SilkS) (width 0.1))
    (fp_line (start -1 -6) (end -1 -5.4) (layer B.SilkS) (width 0.1))
    (fp_line (start -0.2 -6) (end -1 -6) (layer B.SilkS) (width 0.1))
    (fp_line (start -0.2 -5.4) (end -0.2 -6) (layer B.SilkS) (width 0.1))
    (fp_line (start 2.2 -6) (end 2.2 -5.4) (layer B.SilkS) (width 0.1))
    (fp_line (start 1.4 -6) (end 2.2 -6) (layer B.SilkS) (width 0.1))
    (fp_line (start 1.4 -5.4) (end 1.4 -6) (layer B.SilkS) (width 0.1))
    (fp_line (start 3.4 -6) (end 3.4 -5.4) (layer B.SilkS) (width 0.1))
    (fp_line (start 2.6 -6) (end 3.4 -6) (layer B.SilkS) (width 0.1))
    (fp_line (start 2.6 -5.4) (end 2.6 -6) (layer B.SilkS) (width 0.1))
    (fp_line (start 4.6 -6) (end 4.6 -5.4) (layer B.SilkS) (width 0.1))
    (fp_line (start 3.8 -6) (end 4.6 -6) (layer B.SilkS) (width 0.1))
    (fp_line (start 3.8 -5.4) (end 3.8 -6) (layer B.SilkS) (width 0.1))
    (fp_line (start -2.2 -6) (end -2.2 -5.4) (layer B.SilkS) (width 0.1))
    (fp_line (start -1.4 -6) (end -2.2 -6) (layer B.SilkS) (width 0.1))
    (fp_line (start -1.4 -5.4) (end -1.4 -6) (layer B.SilkS) (width 0.1))
    (fp_line (start -3.4 -6) (end -3.4 -5.4) (layer B.SilkS) (width 0.1))
    (fp_line (start -2.6 -6) (end -3.4 -6) (layer B.SilkS) (width 0.1))
    (fp_line (start -2.6 -5.4) (end -2.6 -6) (layer B.SilkS) (width 0.1))
    (fp_line (start -5 6) (end -5 5.3) (layer B.SilkS) (width 0.1))
    (fp_line (start 5 6) (end 5 5.3) (layer B.SilkS) (width 0.1))
    (fp_line (start 0.6 6) (end 0.6 5.8) (layer B.SilkS) (width 0.1))
    (fp_line (start 4 6) (end 4 5.8) (layer B.SilkS) (width 0.1))
    (fp_line (start 4 5.8) (end 0.6 5.8) (layer B.SilkS) (width 0.1))
    (fp_line (start -4 5.8) (end -4 6) (layer B.SilkS) (width 0.1))
    (fp_line (start -0.6 5.8) (end -4 5.8) (layer B.SilkS) (width 0.1))
    (fp_line (start -0.6 6) (end -0.6 5.8) (layer B.SilkS) (width 0.1))
    (fp_line (start -4 6) (end -5 6) (layer B.SilkS) (width 0.1))
    (fp_line (start -0.6 6) (end 0.6 6) (layer B.SilkS) (width 0.1))
    (fp_line (start 4 6) (end 5 6) (layer B.SilkS) (width 0.1))
    (pad S smd rect (at 0.6 -5) (size 8 3) (layers B.Cu B.Paste B.Mask)
      (net 13 GNDPWR))
    (pad G smd rect (at -4.2 -5) (size 0.8 3) (layers B.Cu B.Paste B.Mask)
      (net 148 "Net-(Q2-PadG)"))
    (pad D smd rect (at 0 2.5) (size 10 8) (layers B.Cu B.Paste B.Mask)
      (net 105 /OUT0_L))
    (model ${KISYS3DMOD}/Package_TO_SOT_SMD.3dshapes/Infineon_PG-HSOF-8-1.step
      (at (xyz 0 0 0))
      (scale (xyz 1 1 1))
      (rotate (xyz 0 0 -90))
    )
  )

  (module Diode_SMD:D_SOD-123 (layer B.Cu) (tedit 58645DC7) (tstamp 5D83246D)
    (at 85.5 117.95 180)
    (descr SOD-123)
    (tags SOD-123)
    (path /5E18DCC2)
    (attr smd)
    (fp_text reference D5 (at 0 2 180) (layer B.SilkS) hide
      (effects (font (size 1 1) (thickness 0.15)) (justify mirror))
    )
    (fp_text value DIODE (at 0 -2.1 180) (layer B.Fab)
      (effects (font (size 1 1) (thickness 0.15)) (justify mirror))
    )
    (fp_text user %R (at 0 2 180) (layer B.Fab)
      (effects (font (size 1 1) (thickness 0.15)) (justify mirror))
    )
    (fp_line (start -2.25 1) (end -2.25 -1) (layer B.SilkS) (width 0.12))
    (fp_line (start 0.25 0) (end 0.75 0) (layer B.Fab) (width 0.1))
    (fp_line (start 0.25 -0.4) (end -0.35 0) (layer B.Fab) (width 0.1))
    (fp_line (start 0.25 0.4) (end 0.25 -0.4) (layer B.Fab) (width 0.1))
    (fp_line (start -0.35 0) (end 0.25 0.4) (layer B.Fab) (width 0.1))
    (fp_line (start -0.35 0) (end -0.35 -0.55) (layer B.Fab) (width 0.1))
    (fp_line (start -0.35 0) (end -0.35 0.55) (layer B.Fab) (width 0.1))
    (fp_line (start -0.75 0) (end -0.35 0) (layer B.Fab) (width 0.1))
    (fp_line (start -1.4 -0.9) (end -1.4 0.9) (layer B.Fab) (width 0.1))
    (fp_line (start 1.4 -0.9) (end -1.4 -0.9) (layer B.Fab) (width 0.1))
    (fp_line (start 1.4 0.9) (end 1.4 -0.9) (layer B.Fab) (width 0.1))
    (fp_line (start -1.4 0.9) (end 1.4 0.9) (layer B.Fab) (width 0.1))
    (fp_line (start -2.35 1.15) (end 2.35 1.15) (layer B.CrtYd) (width 0.05))
    (fp_line (start 2.35 1.15) (end 2.35 -1.15) (layer B.CrtYd) (width 0.05))
    (fp_line (start 2.35 -1.15) (end -2.35 -1.15) (layer B.CrtYd) (width 0.05))
    (fp_line (start -2.35 1.15) (end -2.35 -1.15) (layer B.CrtYd) (width 0.05))
    (fp_line (start -2.25 -1) (end 1.65 -1) (layer B.SilkS) (width 0.12))
    (fp_line (start -2.25 1) (end 1.65 1) (layer B.SilkS) (width 0.12))
    (pad 1 smd rect (at -1.65 0 180) (size 0.9 1.2) (layers B.Cu B.Paste B.Mask)
      (net 27 +12V))
    (pad 2 smd rect (at 1.65 0 180) (size 0.9 1.2) (layers B.Cu B.Paste B.Mask)
      (net 6 /CAN_Vdd))
    (model ${KISYS3DMOD}/Diode_SMD.3dshapes/D_SOD-123.wrl
      (at (xyz 0 0 0))
      (scale (xyz 1 1 1))
      (rotate (xyz 0 0 0))
    )
  )

  (module Resistor_SMD:R_0603_1608Metric (layer B.Cu) (tedit 5B301BBD) (tstamp 5D7BEB9F)
    (at 78.65 127.85 180)
    (descr "Resistor SMD 0603 (1608 Metric), square (rectangular) end terminal, IPC_7351 nominal, (Body size source: http://www.tortai-tech.com/upload/download/2011102023233369053.pdf), generated with kicad-footprint-generator")
    (tags resistor)
    (path /5E19709D)
    (attr smd)
    (fp_text reference R3 (at 0 1.43) (layer B.SilkS) hide
      (effects (font (size 1 1) (thickness 0.15)) (justify mirror))
    )
    (fp_text value 120 (at 0 1.25) (layer B.SilkS)
      (effects (font (size 1 1) (thickness 0.15)) (justify mirror))
    )
    (fp_line (start -0.8 -0.4) (end -0.8 0.4) (layer B.Fab) (width 0.1))
    (fp_line (start -0.8 0.4) (end 0.8 0.4) (layer B.Fab) (width 0.1))
    (fp_line (start 0.8 0.4) (end 0.8 -0.4) (layer B.Fab) (width 0.1))
    (fp_line (start 0.8 -0.4) (end -0.8 -0.4) (layer B.Fab) (width 0.1))
    (fp_line (start -0.162779 0.51) (end 0.162779 0.51) (layer B.SilkS) (width 0.12))
    (fp_line (start -0.162779 -0.51) (end 0.162779 -0.51) (layer B.SilkS) (width 0.12))
    (fp_line (start -1.48 -0.73) (end -1.48 0.73) (layer B.CrtYd) (width 0.05))
    (fp_line (start -1.48 0.73) (end 1.48 0.73) (layer B.CrtYd) (width 0.05))
    (fp_line (start 1.48 0.73) (end 1.48 -0.73) (layer B.CrtYd) (width 0.05))
    (fp_line (start 1.48 -0.73) (end -1.48 -0.73) (layer B.CrtYd) (width 0.05))
    (fp_text user %R (at 0 0) (layer B.Fab)
      (effects (font (size 0.4 0.4) (thickness 0.06)) (justify mirror))
    )
    (pad 1 smd roundrect (at -0.7875 0 180) (size 0.875 0.95) (layers B.Cu B.Paste B.Mask) (roundrect_rratio 0.25)
      (net 44 /CAN_L))
    (pad 2 smd roundrect (at 0.7875 0 180) (size 0.875 0.95) (layers B.Cu B.Paste B.Mask) (roundrect_rratio 0.25)
      (net 40 "Net-(JP2-Pad2)"))
    (model ${KISYS3DMOD}/Resistor_SMD.3dshapes/R_0603_1608Metric.wrl
      (at (xyz 0 0 0))
      (scale (xyz 1 1 1))
      (rotate (xyz 0 0 0))
    )
  )

  (module Resistor_SMD:R_0603_1608Metric (layer F.Cu) (tedit 5B301BBD) (tstamp 5DE25297)
    (at 105 107.85)
    (descr "Resistor SMD 0603 (1608 Metric), square (rectangular) end terminal, IPC_7351 nominal, (Body size source: http://www.tortai-tech.com/upload/download/2011102023233369053.pdf), generated with kicad-footprint-generator")
    (tags resistor)
    (path /5DE7F7E1)
    (attr smd)
    (fp_text reference R67 (at 0 -1.43) (layer F.SilkS) hide
      (effects (font (size 1 1) (thickness 0.15)))
    )
    (fp_text value FILTER (at 0 1.43) (layer F.SilkS)
      (effects (font (size 0.8 0.8) (thickness 0.15)))
    )
    (fp_line (start -0.8 0.4) (end -0.8 -0.4) (layer F.Fab) (width 0.1))
    (fp_line (start -0.8 -0.4) (end 0.8 -0.4) (layer F.Fab) (width 0.1))
    (fp_line (start 0.8 -0.4) (end 0.8 0.4) (layer F.Fab) (width 0.1))
    (fp_line (start 0.8 0.4) (end -0.8 0.4) (layer F.Fab) (width 0.1))
    (fp_line (start -0.162779 -0.51) (end 0.162779 -0.51) (layer F.SilkS) (width 0.12))
    (fp_line (start -0.162779 0.51) (end 0.162779 0.51) (layer F.SilkS) (width 0.12))
    (fp_line (start -1.48 0.73) (end -1.48 -0.73) (layer F.CrtYd) (width 0.05))
    (fp_line (start -1.48 -0.73) (end 1.48 -0.73) (layer F.CrtYd) (width 0.05))
    (fp_line (start 1.48 -0.73) (end 1.48 0.73) (layer F.CrtYd) (width 0.05))
    (fp_line (start 1.48 0.73) (end -1.48 0.73) (layer F.CrtYd) (width 0.05))
    (fp_text user %R (at 0 0) (layer F.Fab)
      (effects (font (size 0.4 0.4) (thickness 0.06)))
    )
    (pad 1 smd roundrect (at -0.7875 0) (size 0.875 0.95) (layers F.Cu F.Paste F.Mask) (roundrect_rratio 0.25)
      (net 166 /Motor0L_Tmp))
    (pad 2 smd roundrect (at 0.7875 0) (size 0.875 0.95) (layers F.Cu F.Paste F.Mask) (roundrect_rratio 0.25)
      (net 2 GND))
    (model ${KISYS3DMOD}/Resistor_SMD.3dshapes/R_0603_1608Metric.wrl
      (at (xyz 0 0 0))
      (scale (xyz 1 1 1))
      (rotate (xyz 0 0 0))
    )
  )

  (module Capacitor_SMD:C_0603_1608Metric (layer F.Cu) (tedit 5B301BBE) (tstamp 5DE25015)
    (at 187.84 16.97)
    (descr "Capacitor SMD 0603 (1608 Metric), square (rectangular) end terminal, IPC_7351 nominal, (Body size source: http://www.tortai-tech.com/upload/download/2011102023233369053.pdf), generated with kicad-footprint-generator")
    (tags capacitor)
    (path /5DF91B97)
    (attr smd)
    (fp_text reference C47 (at 0 -1.43) (layer F.SilkS) hide
      (effects (font (size 1 1) (thickness 0.15)))
    )
    (fp_text value 470n (at 0 1.23) (layer F.SilkS)
      (effects (font (size 0.8 0.8) (thickness 0.15)))
    )
    (fp_line (start -0.8 0.4) (end -0.8 -0.4) (layer F.Fab) (width 0.1))
    (fp_line (start -0.8 -0.4) (end 0.8 -0.4) (layer F.Fab) (width 0.1))
    (fp_line (start 0.8 -0.4) (end 0.8 0.4) (layer F.Fab) (width 0.1))
    (fp_line (start 0.8 0.4) (end -0.8 0.4) (layer F.Fab) (width 0.1))
    (fp_line (start -0.162779 -0.51) (end 0.162779 -0.51) (layer F.SilkS) (width 0.12))
    (fp_line (start -0.162779 0.51) (end 0.162779 0.51) (layer F.SilkS) (width 0.12))
    (fp_line (start -1.48 0.73) (end -1.48 -0.73) (layer F.CrtYd) (width 0.05))
    (fp_line (start -1.48 -0.73) (end 1.48 -0.73) (layer F.CrtYd) (width 0.05))
    (fp_line (start 1.48 -0.73) (end 1.48 0.73) (layer F.CrtYd) (width 0.05))
    (fp_line (start 1.48 0.73) (end -1.48 0.73) (layer F.CrtYd) (width 0.05))
    (fp_text user %R (at 0 0) (layer F.Fab)
      (effects (font (size 0.4 0.4) (thickness 0.06)))
    )
    (pad 1 smd roundrect (at -0.7875 0) (size 0.875 0.95) (layers F.Cu F.Paste F.Mask) (roundrect_rratio 0.25)
      (net 110 /Current1))
    (pad 2 smd roundrect (at 0.7875 0) (size 0.875 0.95) (layers F.Cu F.Paste F.Mask) (roundrect_rratio 0.25)
      (net 2 GND))
    (model ${KISYS3DMOD}/Capacitor_SMD.3dshapes/C_0603_1608Metric.wrl
      (at (xyz 0 0 0))
      (scale (xyz 1 1 1))
      (rotate (xyz 0 0 0))
    )
  )

  (module Resistor_SMD:R_0603_1608Metric (layer F.Cu) (tedit 5B301BBD) (tstamp 5DE252A8)
    (at 183.15 17.175001)
    (descr "Resistor SMD 0603 (1608 Metric), square (rectangular) end terminal, IPC_7351 nominal, (Body size source: http://www.tortai-tech.com/upload/download/2011102023233369053.pdf), generated with kicad-footprint-generator")
    (tags resistor)
    (path /5DECDF6B)
    (attr smd)
    (fp_text reference R68 (at 0 -1.43) (layer F.SilkS) hide
      (effects (font (size 1 1) (thickness 0.15)))
    )
    (fp_text value FILTER (at 0 1.224999) (layer F.SilkS)
      (effects (font (size 0.8 0.8) (thickness 0.15)))
    )
    (fp_text user %R (at 0 0) (layer F.Fab)
      (effects (font (size 0.4 0.4) (thickness 0.06)))
    )
    (fp_line (start 1.48 0.73) (end -1.48 0.73) (layer F.CrtYd) (width 0.05))
    (fp_line (start 1.48 -0.73) (end 1.48 0.73) (layer F.CrtYd) (width 0.05))
    (fp_line (start -1.48 -0.73) (end 1.48 -0.73) (layer F.CrtYd) (width 0.05))
    (fp_line (start -1.48 0.73) (end -1.48 -0.73) (layer F.CrtYd) (width 0.05))
    (fp_line (start -0.162779 0.51) (end 0.162779 0.51) (layer F.SilkS) (width 0.12))
    (fp_line (start -0.162779 -0.51) (end 0.162779 -0.51) (layer F.SilkS) (width 0.12))
    (fp_line (start 0.8 0.4) (end -0.8 0.4) (layer F.Fab) (width 0.1))
    (fp_line (start 0.8 -0.4) (end 0.8 0.4) (layer F.Fab) (width 0.1))
    (fp_line (start -0.8 -0.4) (end 0.8 -0.4) (layer F.Fab) (width 0.1))
    (fp_line (start -0.8 0.4) (end -0.8 -0.4) (layer F.Fab) (width 0.1))
    (pad 2 smd roundrect (at 0.7875 0) (size 0.875 0.95) (layers F.Cu F.Paste F.Mask) (roundrect_rratio 0.25)
      (net 2 GND))
    (pad 1 smd roundrect (at -0.7875 0) (size 0.875 0.95) (layers F.Cu F.Paste F.Mask) (roundrect_rratio 0.25)
      (net 167 /Motor1L_Tmp))
    (model ${KISYS3DMOD}/Resistor_SMD.3dshapes/R_0603_1608Metric.wrl
      (at (xyz 0 0 0))
      (scale (xyz 1 1 1))
      (rotate (xyz 0 0 0))
    )
  )

  (module Capacitor_SMD:C_0603_1608Metric (layer F.Cu) (tedit 5B301BBE) (tstamp 5DE252CA)
    (at 115.3 74.95)
    (descr "Capacitor SMD 0603 (1608 Metric), square (rectangular) end terminal, IPC_7351 nominal, (Body size source: http://www.tortai-tech.com/upload/download/2011102023233369053.pdf), generated with kicad-footprint-generator")
    (tags capacitor)
    (path /5DECDF57)
    (attr smd)
    (fp_text reference TH2 (at 0 -1.43) (layer F.SilkS) hide
      (effects (font (size 1 1) (thickness 0.15)))
    )
    (fp_text value Thermistor (at 0 1.2) (layer F.SilkS)
      (effects (font (size 0.8 0.8) (thickness 0.15)))
    )
    (fp_text user %R (at 0 0) (layer F.Fab)
      (effects (font (size 0.4 0.4) (thickness 0.06)))
    )
    (fp_line (start 1.48 0.73) (end -1.48 0.73) (layer F.CrtYd) (width 0.05))
    (fp_line (start 1.48 -0.73) (end 1.48 0.73) (layer F.CrtYd) (width 0.05))
    (fp_line (start -1.48 -0.73) (end 1.48 -0.73) (layer F.CrtYd) (width 0.05))
    (fp_line (start -1.48 0.73) (end -1.48 -0.73) (layer F.CrtYd) (width 0.05))
    (fp_line (start -0.162779 0.51) (end 0.162779 0.51) (layer F.SilkS) (width 0.12))
    (fp_line (start -0.162779 -0.51) (end 0.162779 -0.51) (layer F.SilkS) (width 0.12))
    (fp_line (start 0.8 0.4) (end -0.8 0.4) (layer F.Fab) (width 0.1))
    (fp_line (start 0.8 -0.4) (end 0.8 0.4) (layer F.Fab) (width 0.1))
    (fp_line (start -0.8 -0.4) (end 0.8 -0.4) (layer F.Fab) (width 0.1))
    (fp_line (start -0.8 0.4) (end -0.8 -0.4) (layer F.Fab) (width 0.1))
    (pad 2 smd roundrect (at 0.7875 0) (size 0.875 0.95) (layers F.Cu F.Paste F.Mask) (roundrect_rratio 0.25)
      (net 167 /Motor1L_Tmp))
    (pad 1 smd roundrect (at -0.7875 0) (size 0.875 0.95) (layers F.Cu F.Paste F.Mask) (roundrect_rratio 0.25)
      (net 5 +3V3))
    (model ${KISYS3DMOD}/Capacitor_SMD.3dshapes/C_0603_1608Metric.wrl
      (at (xyz 0 0 0))
      (scale (xyz 1 1 1))
      (rotate (xyz 0 0 0))
    )
  )

  (module Resistor_SMD:R_0603_1608Metric (layer F.Cu) (tedit 5B301BBD) (tstamp 5DE25286)
    (at 108.7 109.2 270)
    (descr "Resistor SMD 0603 (1608 Metric), square (rectangular) end terminal, IPC_7351 nominal, (Body size source: http://www.tortai-tech.com/upload/download/2011102023233369053.pdf), generated with kicad-footprint-generator")
    (tags resistor)
    (path /5DF91B8D)
    (attr smd)
    (fp_text reference R57 (at 0 -1.43 90) (layer F.SilkS) hide
      (effects (font (size 1 1) (thickness 0.15)))
    )
    (fp_text value 4.7k (at 0.034999 1.244999 90) (layer F.SilkS)
      (effects (font (size 0.8 0.8) (thickness 0.15)))
    )
    (fp_line (start -0.8 0.4) (end -0.8 -0.4) (layer F.Fab) (width 0.1))
    (fp_line (start -0.8 -0.4) (end 0.8 -0.4) (layer F.Fab) (width 0.1))
    (fp_line (start 0.8 -0.4) (end 0.8 0.4) (layer F.Fab) (width 0.1))
    (fp_line (start 0.8 0.4) (end -0.8 0.4) (layer F.Fab) (width 0.1))
    (fp_line (start -0.162779 -0.51) (end 0.162779 -0.51) (layer F.SilkS) (width 0.12))
    (fp_line (start -0.162779 0.51) (end 0.162779 0.51) (layer F.SilkS) (width 0.12))
    (fp_line (start -1.48 0.73) (end -1.48 -0.73) (layer F.CrtYd) (width 0.05))
    (fp_line (start -1.48 -0.73) (end 1.48 -0.73) (layer F.CrtYd) (width 0.05))
    (fp_line (start 1.48 -0.73) (end 1.48 0.73) (layer F.CrtYd) (width 0.05))
    (fp_line (start 1.48 0.73) (end -1.48 0.73) (layer F.CrtYd) (width 0.05))
    (fp_text user %R (at 0 0 90) (layer F.Fab)
      (effects (font (size 0.4 0.4) (thickness 0.06)))
    )
    (pad 1 smd roundrect (at -0.7875 0 270) (size 0.875 0.95) (layers F.Cu F.Paste F.Mask) (roundrect_rratio 0.25)
      (net 127 "Net-(R57-Pad1)"))
    (pad 2 smd roundrect (at 0.7875 0 270) (size 0.875 0.95) (layers F.Cu F.Paste F.Mask) (roundrect_rratio 0.25)
      (net 110 /Current1))
    (model ${KISYS3DMOD}/Resistor_SMD.3dshapes/R_0603_1608Metric.wrl
      (at (xyz 0 0 0))
      (scale (xyz 1 1 1))
      (rotate (xyz 0 0 0))
    )
  )

  (module Mizz_lib:ACS785xCB (layer B.Cu) (tedit 5DE1C9F9) (tstamp 5DE252EF)
    (at 94.05 107.7 180)
    (path /5DF097BE)
    (fp_text reference U10 (at 0 12) (layer B.SilkS) hide
      (effects (font (size 1 1) (thickness 0.15)) (justify mirror))
    )
    (fp_text value ACS758 (at 0 13.5) (layer B.SilkS)
      (effects (font (size 1 1) (thickness 0.15)) (justify mirror))
    )
    (fp_line (start -4.5 3.5) (end -4.5 15.5) (layer B.SilkS) (width 0.1))
    (fp_line (start 4.5 3.5) (end -4.5 3.5) (layer B.SilkS) (width 0.1))
    (fp_line (start -4.5 3.5) (end -5 3) (layer B.SilkS) (width 0.1))
    (fp_line (start 4.5 15.5) (end 4.5 3.5) (layer B.SilkS) (width 0.1))
    (fp_line (start 4.5 3.5) (end 5 3) (layer B.SilkS) (width 0.1))
    (fp_line (start 4.5 15.5) (end 5 16) (layer B.SilkS) (width 0.1))
    (fp_line (start -4.5 15.5) (end 4.5 15.5) (layer B.SilkS) (width 0.1))
    (fp_line (start -5 16) (end -4.5 15.5) (layer B.SilkS) (width 0.1))
    (fp_line (start 7 8.5) (end 7 19.5) (layer B.SilkS) (width 0.1))
    (fp_line (start 6.5 7.5) (end 5 7.5) (layer B.SilkS) (width 0.1))
    (fp_line (start 6.5 7.5) (end 7 8.5) (layer B.SilkS) (width 0.1))
    (fp_line (start -7 8.5) (end -7 19.5) (layer B.SilkS) (width 0.1))
    (fp_line (start -6.5 7.5) (end -5 7.5) (layer B.SilkS) (width 0.1))
    (fp_line (start -7 8.5) (end -6.5 7.5) (layer B.SilkS) (width 0.1))
    (fp_circle (center -3.5 4.5) (end -3 4.5) (layer B.SilkS) (width 0.1))
    (fp_circle (center 0 9.5) (end 0 11) (layer B.SilkS) (width 0.1))
    (fp_line (start 2.2 3) (end 2.2 0.8) (layer B.SilkS) (width 0.1))
    (fp_line (start 1.8 3) (end 1.8 0.8) (layer B.SilkS) (width 0.1))
    (fp_line (start -1.8 3) (end -1.8 0.8) (layer B.SilkS) (width 0.1))
    (fp_line (start -2.2 3) (end -2.2 0.8) (layer B.SilkS) (width 0.1))
    (fp_line (start 0.2 3) (end 0.2 0.8) (layer B.SilkS) (width 0.1))
    (fp_line (start -0.2 3) (end -0.2 0.8) (layer B.SilkS) (width 0.1))
    (fp_line (start 3 19.5) (end 3 16) (layer B.SilkS) (width 0.1))
    (fp_line (start -3 19.5) (end -3 16) (layer B.SilkS) (width 0.1))
    (fp_line (start 5 3) (end -5 3) (layer B.SilkS) (width 0.1))
    (fp_line (start -5 16) (end 5 16) (layer B.SilkS) (width 0.1))
    (fp_line (start -5 16) (end -5 3) (layer B.SilkS) (width 0.1))
    (fp_line (start 5 16) (end 5 3) (layer B.SilkS) (width 0.1))
    (pad 1 thru_hole circle (at -1.91 0 180) (size 1.524 1.524) (drill 0.762) (layers *.Cu *.Mask)
      (net 5 +3V3))
    (pad 2 thru_hole circle (at 0 0 180) (size 1.524 1.524) (drill 0.762) (layers *.Cu *.Mask)
      (net 2 GND))
    (pad 3 thru_hole circle (at 1.91 0 180) (size 1.524 1.524) (drill 0.762) (layers *.Cu *.Mask)
      (net 128 "Net-(R60-Pad1)"))
    (pad 4 thru_hole oval (at 5 21.4 180) (size 8 3.5) (drill oval 5.6 1.6) (layers *.Cu *.Mask)
      (net 22 +BATT))
    (pad 5 thru_hole oval (at -5 21.4 180) (size 8 3.5) (drill oval 5.6 1.6) (layers *.Cu *.Mask)
      (net 116 /MOTOR0_BATT))
    (model user/ACS758.wrl
      (offset (xyz 0 9.651999855041504 0))
      (scale (xyz 3.95 3.95 3.95))
      (rotate (xyz 0 0 90))
    )
  )

  (module Mizz_lib:ACS785xCB (layer B.Cu) (tedit 5DE1C9F9) (tstamp 5DE25314)
    (at 113.8 107.7 180)
    (path /5DF91BB9)
    (fp_text reference U13 (at 0 12) (layer B.SilkS) hide
      (effects (font (size 1 1) (thickness 0.15)) (justify mirror))
    )
    (fp_text value ACS758 (at 0 13.5) (layer B.SilkS)
      (effects (font (size 1 1) (thickness 0.15)) (justify mirror))
    )
    (fp_line (start 5 16) (end 5 3) (layer B.SilkS) (width 0.1))
    (fp_line (start -5 16) (end -5 3) (layer B.SilkS) (width 0.1))
    (fp_line (start -5 16) (end 5 16) (layer B.SilkS) (width 0.1))
    (fp_line (start 5 3) (end -5 3) (layer B.SilkS) (width 0.1))
    (fp_line (start -3 19.5) (end -3 16) (layer B.SilkS) (width 0.1))
    (fp_line (start 3 19.5) (end 3 16) (layer B.SilkS) (width 0.1))
    (fp_line (start -0.2 3) (end -0.2 0.8) (layer B.SilkS) (width 0.1))
    (fp_line (start 0.2 3) (end 0.2 0.8) (layer B.SilkS) (width 0.1))
    (fp_line (start -2.2 3) (end -2.2 0.8) (layer B.SilkS) (width 0.1))
    (fp_line (start -1.8 3) (end -1.8 0.8) (layer B.SilkS) (width 0.1))
    (fp_line (start 1.8 3) (end 1.8 0.8) (layer B.SilkS) (width 0.1))
    (fp_line (start 2.2 3) (end 2.2 0.8) (layer B.SilkS) (width 0.1))
    (fp_circle (center 0 9.5) (end 0 11) (layer B.SilkS) (width 0.1))
