(kicad_pcb (version 20171130) (host pcbnew "(5.1.2)-1")

  (general
    (thickness 1.6)
    (drawings 27)
    (tracks 638)
    (zones 0)
    (modules 93)
    (nets 79)
  )

  (page A4)
  (layers
    (0 F.Cu signal)
    (31 B.Cu signal)
    (32 B.Adhes user)
    (33 F.Adhes user)
    (34 B.Paste user)
    (35 F.Paste user)
    (36 B.SilkS user)
    (37 F.SilkS user)
    (38 B.Mask user)
    (39 F.Mask user)
    (40 Dwgs.User user)
    (41 Cmts.User user)
    (42 Eco1.User user)
    (43 Eco2.User user)
    (44 Edge.Cuts user)
    (45 Margin user)
    (46 B.CrtYd user)
    (47 F.CrtYd user)
    (48 B.Fab user)
    (49 F.Fab user)
  )

  (setup
    (last_trace_width 0.25)
    (user_trace_width 0.3)
    (user_trace_width 0.5)
    (user_trace_width 1)
    (trace_clearance 0.2)
    (zone_clearance 0.508)
    (zone_45_only no)
    (trace_min 0.2)
    (via_size 0.8)
    (via_drill 0.4)
    (via_min_size 0.4)
    (via_min_drill 0.3)
    (user_via 0.5 0.3)
    (user_via 1.5 0.75)
    (user_via 6 3)
    (uvia_size 0.3)
    (uvia_drill 0.1)
    (uvias_allowed no)
    (uvia_min_size 0.2)
    (uvia_min_drill 0.1)
    (edge_width 0.05)
    (segment_width 0.2)
    (pcb_text_width 0.3)
    (pcb_text_size 1.5 1.5)
    (mod_edge_width 0.12)
    (mod_text_size 1 1)
    (mod_text_width 0.15)
    (pad_size 1.524 1.524)
    (pad_drill 0.762)
    (pad_to_mask_clearance 0.051)
    (solder_mask_min_width 0.25)
    (aux_axis_origin 0 0)
    (visible_elements 7FFFFF7F)
    (pcbplotparams
      (layerselection 0x010f0_ffffffff)
      (usegerberextensions false)
      (usegerberattributes false)
      (usegerberadvancedattributes false)
      (creategerberjobfile false)
      (excludeedgelayer true)
      (linewidth 0.100000)
      (plotframeref false)
      (viasonmask false)
      (mode 1)
      (useauxorigin false)
      (hpglpennumber 1)
      (hpglpenspeed 20)
      (hpglpendiameter 15.000000)
      (psnegative false)
      (psa4output false)
      (plotreference true)
      (plotvalue true)
      (plotinvisibletext false)
      (padsonsilk false)
      (subtractmaskfromsilk false)
      (outputformat 1)
      (mirror false)
      (drillshape 0)
      (scaleselection 1)
      (outputdirectory "C:/Users/81906/Desktop/Ki-CAD/工大祭/工大祭MD/Slapnir/Slapnir/加工/"))
  )

  (net 0 "")
  (net 1 GND)
  (net 2 /5V)
  (net 3 +3V3)
  (net 4 "Net-(C9-Pad1)")
  (net 5 /MOTOR0_OUT_L)
  (net 6 "Net-(C10-Pad1)")
  (net 7 GNDPWR)
  (net 8 /MOTOR0_OUT_R)
  (net 9 "Net-(C11-Pad1)")
  (net 10 "Net-(C12-Pad1)")
  (net 11 /MOTOR1_OUT_L)
  (net 12 "Net-(C13-Pad1)")
  (net 13 "Net-(C14-Pad1)")
  (net 14 "Net-(C15-Pad1)")
  (net 15 /MOTOR1_OUT_R)
  (net 16 "Net-(C16-Pad1)")
  (net 17 +BATT)
  (net 18 "Net-(C19-Pad1)")
  (net 19 +12P)
  (net 20 +5V)
  (net 21 /PWM0_L)
  (net 22 /PWM0_R)
  (net 23 /PWM1_L)
  (net 24 /PWM1_R)
  (net 25 "Net-(D6-Pad2)")
  (net 26 "Net-(D7-Pad2)")
  (net 27 "Net-(D16-Pad2)")
  (net 28 "Net-(D17-Pad2)")
  (net 29 "Net-(Q1-Pad1)")
  (net 30 "Net-(Q2-Pad1)")
  (net 31 "Net-(Q3-Pad1)")
  (net 32 "Net-(Q4-Pad1)")
  (net 33 "Net-(Q5-Pad1)")
  (net 34 "Net-(Q6-Pad1)")
  (net 35 "Net-(Q7-Pad1)")
  (net 36 "Net-(Q8-Pad1)")
  (net 37 "Net-(R7-Pad1)")
  (net 38 "Net-(R8-Pad1)")
  (net 39 "Net-(R9-Pad1)")
  (net 40 "Net-(R10-Pad1)")
  (net 41 "Net-(R11-Pad2)")
  (net 42 "Net-(R12-Pad2)")
  (net 43 "Net-(R13-Pad2)")
  (net 44 "Net-(R14-Pad2)")
  (net 45 "Net-(R15-Pad2)")
  (net 46 "Net-(R16-Pad2)")
  (net 47 "Net-(R17-Pad2)")
  (net 48 "Net-(R18-Pad2)")
  (net 49 "Net-(U2-Pad2)")
  (net 50 "Net-(U2-Pad7)")
  (net 51 "Net-(U2-Pad12)")
  (net 52 "Net-(U2-Pad13)")
  (net 53 "Net-(U3-Pad13)")
  (net 54 "Net-(U3-Pad12)")
  (net 55 "Net-(U3-Pad7)")
  (net 56 "Net-(U3-Pad2)")
  (net 57 "Net-(U4-Pad2)")
  (net 58 "Net-(U4-Pad7)")
  (net 59 "Net-(U4-Pad12)")
  (net 60 "Net-(U4-Pad13)")
  (net 61 "Net-(U5-Pad13)")
  (net 62 "Net-(U5-Pad12)")
  (net 63 "Net-(U5-Pad7)")
  (net 64 "Net-(U5-Pad2)")
  (net 65 "Net-(D2-Pad2)")
  (net 66 "Net-(D3-Pad2)")
  (net 67 "Net-(D4-Pad2)")
  (net 68 "Net-(D5-Pad2)")
  (net 69 "Net-(D8-Pad2)")
  (net 70 "Net-(D9-Pad2)")
  (net 71 "Net-(D10-Pad2)")
  (net 72 "Net-(D11-Pad2)")
  (net 73 "Net-(D12-Pad2)")
  (net 74 "Net-(D13-Pad2)")
  (net 75 "Net-(D14-Pad2)")
  (net 76 "Net-(D15-Pad2)")
  (net 77 /~EN1)
  (net 78 /~EN0)

  (net_class Default "これはデフォルトのネット クラスです。"
    (clearance 0.2)
    (trace_width 0.25)
    (via_dia 0.8)
    (via_drill 0.4)
    (uvia_dia 0.3)
    (uvia_drill 0.1)
    (add_net +12P)
    (add_net +3V3)
    (add_net +5V)
    (add_net +BATT)
    (add_net /5V)
    (add_net /MOTOR0_OUT_L)
    (add_net /MOTOR0_OUT_R)
    (add_net /MOTOR1_OUT_L)
    (add_net /MOTOR1_OUT_R)
    (add_net /PWM0_L)
    (add_net /PWM0_R)
    (add_net /PWM1_L)
    (add_net /PWM1_R)
    (add_net /~EN0)
    (add_net /~EN1)
    (add_net GND)
    (add_net GNDPWR)
    (add_net "Net-(C10-Pad1)")
    (add_net "Net-(C11-Pad1)")
    (add_net "Net-(C12-Pad1)")
    (add_net "Net-(C13-Pad1)")
    (add_net "Net-(C14-Pad1)")
    (add_net "Net-(C15-Pad1)")
    (add_net "Net-(C16-Pad1)")
    (add_net "Net-(C19-Pad1)")
    (add_net "Net-(C9-Pad1)")
    (add_net "Net-(D10-Pad2)")
    (add_net "Net-(D11-Pad2)")
    (add_net "Net-(D12-Pad2)")
    (add_net "Net-(D13-Pad2)")
    (add_net "Net-(D14-Pad2)")
    (add_net "Net-(D15-Pad2)")
    (add_net "Net-(D16-Pad2)")
    (add_net "Net-(D17-Pad2)")
    (add_net "Net-(D2-Pad2)")
    (add_net "Net-(D3-Pad2)")
    (add_net "Net-(D4-Pad2)")
    (add_net "Net-(D5-Pad2)")
    (add_net "Net-(D6-Pad2)")
    (add_net "Net-(D7-Pad2)")
    (add_net "Net-(D8-Pad2)")
    (add_net "Net-(D9-Pad2)")
    (add_net "Net-(Q1-Pad1)")
    (add_net "Net-(Q2-Pad1)")
    (add_net "Net-(Q3-Pad1)")
    (add_net "Net-(Q4-Pad1)")
    (add_net "Net-(Q5-Pad1)")
    (add_net "Net-(Q6-Pad1)")
    (add_net "Net-(Q7-Pad1)")
    (add_net "Net-(Q8-Pad1)")
    (add_net "Net-(R10-Pad1)")
    (add_net "Net-(R11-Pad2)")
    (add_net "Net-(R12-Pad2)")
    (add_net "Net-(R13-Pad2)")
    (add_net "Net-(R14-Pad2)")
    (add_net "Net-(R15-Pad2)")
    (add_net "Net-(R16-Pad2)")
    (add_net "Net-(R17-Pad2)")
    (add_net "Net-(R18-Pad2)")
    (add_net "Net-(R7-Pad1)")
    (add_net "Net-(R8-Pad1)")
    (add_net "Net-(R9-Pad1)")
    (add_net "Net-(U2-Pad12)")
    (add_net "Net-(U2-Pad13)")
    (add_net "Net-(U2-Pad2)")
    (add_net "Net-(U2-Pad7)")
    (add_net "Net-(U3-Pad12)")
    (add_net "Net-(U3-Pad13)")
    (add_net "Net-(U3-Pad2)")
    (add_net "Net-(U3-Pad7)")
    (add_net "Net-(U4-Pad12)")
    (add_net "Net-(U4-Pad13)")
    (add_net "Net-(U4-Pad2)")
    (add_net "Net-(U4-Pad7)")
    (add_net "Net-(U5-Pad12)")
    (add_net "Net-(U5-Pad13)")
    (add_net "Net-(U5-Pad2)")
    (add_net "Net-(U5-Pad7)")
  )

  (module Capacitor_SMD:C_0603_1608Metric (layer B.Cu) (tedit 5B301BBE) (tstamp 5D83E2B3)
    (at 120.3 46.55)
    (descr "Capacitor SMD 0603 (1608 Metric), square (rectangular) end terminal, IPC_7351 nominal, (Body size source: http://www.tortai-tech.com/upload/download/2011102023233369053.pdf), generated with kicad-footprint-generator")
    (tags capacitor)
    (path /5D846DAE)
    (attr smd)
    (fp_text reference C2 (at 0 1.43) (layer B.SilkS) hide
      (effects (font (size 1 1) (thickness 0.15)) (justify mirror))
    )
    (fp_text value 0.1u (at 0 -1.43) (layer B.SilkS)
      (effects (font (size 1 1) (thickness 0.15)) (justify mirror))
    )
    (fp_text user %R (at 0 0) (layer B.Fab)
      (effects (font (size 0.4 0.4) (thickness 0.06)) (justify mirror))
    )
    (fp_line (start 1.48 -0.73) (end -1.48 -0.73) (layer B.CrtYd) (width 0.05))
    (fp_line (start 1.48 0.73) (end 1.48 -0.73) (layer B.CrtYd) (width 0.05))
    (fp_line (start -1.48 0.73) (end 1.48 0.73) (layer B.CrtYd) (width 0.05))
    (fp_line (start -1.48 -0.73) (end -1.48 0.73) (layer B.CrtYd) (width 0.05))
    (fp_line (start -0.162779 -0.51) (end 0.162779 -0.51) (layer B.SilkS) (width 0.12))
    (fp_line (start -0.162779 0.51) (end 0.162779 0.51) (layer B.SilkS) (width 0.12))
    (fp_line (start 0.8 -0.4) (end -0.8 -0.4) (layer B.Fab) (width 0.1))
    (fp_line (start 0.8 0.4) (end 0.8 -0.4) (layer B.Fab) (width 0.1))
    (fp_line (start -0.8 0.4) (end 0.8 0.4) (layer B.Fab) (width 0.1))
    (fp_line (start -0.8 -0.4) (end -0.8 0.4) (layer B.Fab) (width 0.1))
    (pad 2 smd roundrect (at 0.7875 0) (size 0.875 0.95) (layers B.Cu B.Paste B.Mask) (roundrect_rratio 0.25)
      (net 2 /5V))
    (pad 1 smd roundrect (at -0.7875 0) (size 0.875 0.95) (layers B.Cu B.Paste B.Mask) (roundrect_rratio 0.25)
      (net 1 GND))
    (model ${KISYS3DMOD}/Capacitor_SMD.3dshapes/C_0603_1608Metric.wrl
      (at (xyz 0 0 0))
      (scale (xyz 1 1 1))
      (rotate (xyz 0 0 0))
    )
  )

  (module Capacitor_SMD:C_0603_1608Metric (layer F.Cu) (tedit 5B301BBE) (tstamp 5D83E2C4)
    (at 125.5 52.7 270)
    (descr "Capacitor SMD 0603 (1608 Metric), square (rectangular) end terminal, IPC_7351 nominal, (Body size source: http://www.tortai-tech.com/upload/download/2011102023233369053.pdf), generated with kicad-footprint-generator")
    (tags capacitor)
    (path /5D845375)
    (attr smd)
    (fp_text reference C3 (at 0 -1.43 270) (layer F.SilkS) hide
      (effects (font (size 1 1) (thickness 0.15)))
    )
    (fp_text value 0.1u (at 0 -1.3 270) (layer F.SilkS)
      (effects (font (size 1 1) (thickness 0.15)))
    )
    (fp_line (start -0.8 0.4) (end -0.8 -0.4) (layer F.Fab) (width 0.1))
    (fp_line (start -0.8 -0.4) (end 0.8 -0.4) (layer F.Fab) (width 0.1))
    (fp_line (start 0.8 -0.4) (end 0.8 0.4) (layer F.Fab) (width 0.1))
    (fp_line (start 0.8 0.4) (end -0.8 0.4) (layer F.Fab) (width 0.1))
    (fp_line (start -0.162779 -0.51) (end 0.162779 -0.51) (layer F.SilkS) (width 0.12))
    (fp_line (start -0.162779 0.51) (end 0.162779 0.51) (layer F.SilkS) (width 0.12))
    (fp_line (start -1.48 0.73) (end -1.48 -0.73) (layer F.CrtYd) (width 0.05))
    (fp_line (start -1.48 -0.73) (end 1.48 -0.73) (layer F.CrtYd) (width 0.05))
    (fp_line (start 1.48 -0.73) (end 1.48 0.73) (layer F.CrtYd) (width 0.05))
    (fp_line (start 1.48 0.73) (end -1.48 0.73) (layer F.CrtYd) (width 0.05))
    (fp_text user %R (at 0 0 270) (layer F.Fab)
      (effects (font (size 0.4 0.4) (thickness 0.06)))
    )
    (pad 1 smd roundrect (at -0.7875 0 270) (size 0.875 0.95) (layers F.Cu F.Paste F.Mask) (roundrect_rratio 0.25)
      (net 1 GND))
    (pad 2 smd roundrect (at 0.7875 0 270) (size 0.875 0.95) (layers F.Cu F.Paste F.Mask) (roundrect_rratio 0.25)
      (net 2 /5V))
    (model ${KISYS3DMOD}/Capacitor_SMD.3dshapes/C_0603_1608Metric.wrl
      (at (xyz 0 0 0))
      (scale (xyz 1 1 1))
      (rotate (xyz 0 0 0))
    )
  )

  (module Capacitor_SMD:C_0805_2012Metric (layer B.Cu) (tedit 5B36C52B) (tstamp 5D83E2D5)
    (at 122.5 68.5 270)
    (descr "Capacitor SMD 0805 (2012 Metric), square (rectangular) end terminal, IPC_7351 nominal, (Body size source: https://docs.google.com/spreadsheets/d/1BsfQQcO9C6DZCsRaXUlFlo91Tg2WpOkGARC1WS5S8t0/edit?usp=sharing), generated with kicad-footprint-generator")
    (tags capacitor)
    (path /5D8CB478)
    (attr smd)
    (fp_text reference C4 (at 0 1.65 90) (layer B.SilkS) hide
      (effects (font (size 1 1) (thickness 0.15)) (justify mirror))
    )
    (fp_text value 22u (at 0.05 -1.6 90) (layer B.SilkS)
      (effects (font (size 1 1) (thickness 0.15)) (justify mirror))
    )
    (fp_line (start -1 -0.6) (end -1 0.6) (layer B.Fab) (width 0.1))
    (fp_line (start -1 0.6) (end 1 0.6) (layer B.Fab) (width 0.1))
    (fp_line (start 1 0.6) (end 1 -0.6) (layer B.Fab) (width 0.1))
    (fp_line (start 1 -0.6) (end -1 -0.6) (layer B.Fab) (width 0.1))
    (fp_line (start -0.258578 0.71) (end 0.258578 0.71) (layer B.SilkS) (width 0.12))
    (fp_line (start -0.258578 -0.71) (end 0.258578 -0.71) (layer B.SilkS) (width 0.12))
    (fp_line (start -1.68 -0.95) (end -1.68 0.95) (layer B.CrtYd) (width 0.05))
    (fp_line (start -1.68 0.95) (end 1.68 0.95) (layer B.CrtYd) (width 0.05))
    (fp_line (start 1.68 0.95) (end 1.68 -0.95) (layer B.CrtYd) (width 0.05))
    (fp_line (start 1.68 -0.95) (end -1.68 -0.95) (layer B.CrtYd) (width 0.05))
    (fp_text user %R (at 0 0 90) (layer B.Fab)
      (effects (font (size 0.5 0.5) (thickness 0.08)) (justify mirror))
    )
    (pad 1 smd roundrect (at -0.9375 0 270) (size 0.975 1.4) (layers B.Cu B.Paste B.Mask) (roundrect_rratio 0.25)
      (net 3 +3V3))
    (pad 2 smd roundrect (at 0.9375 0 270) (size 0.975 1.4) (layers B.Cu B.Paste B.Mask) (roundrect_rratio 0.25)
      (net 1 GND))
    (model ${KISYS3DMOD}/Capacitor_SMD.3dshapes/C_0805_2012Metric.wrl
      (at (xyz 0 0 0))
      (scale (xyz 1 1 1))
      (rotate (xyz 0 0 0))
    )
  )

  (module Capacitor_SMD:C_0603_1608Metric (layer B.Cu) (tedit 5B301BBE) (tstamp 5D83E2E6)
    (at 130.75 61.95 180)
    (descr "Capacitor SMD 0603 (1608 Metric), square (rectangular) end terminal, IPC_7351 nominal, (Body size source: http://www.tortai-tech.com/upload/download/2011102023233369053.pdf), generated with kicad-footprint-generator")
    (tags capacitor)
    (path /5D857E3F)
    (attr smd)
    (fp_text reference C5 (at 0 1.43) (layer B.SilkS) hide
      (effects (font (size 1 1) (thickness 0.15)) (justify mirror))
    )
    (fp_text value 0.1u (at 2.75 0) (layer B.SilkS)
      (effects (font (size 0.8 0.8) (thickness 0.15)) (justify mirror))
    )
    (fp_line (start -0.8 -0.4) (end -0.8 0.4) (layer B.Fab) (width 0.1))
    (fp_line (start -0.8 0.4) (end 0.8 0.4) (layer B.Fab) (width 0.1))
    (fp_line (start 0.8 0.4) (end 0.8 -0.4) (layer B.Fab) (width 0.1))
    (fp_line (start 0.8 -0.4) (end -0.8 -0.4) (layer B.Fab) (width 0.1))
    (fp_line (start -0.162779 0.51) (end 0.162779 0.51) (layer B.SilkS) (width 0.12))
    (fp_line (start -0.162779 -0.51) (end 0.162779 -0.51) (layer B.SilkS) (width 0.12))
    (fp_line (start -1.48 -0.73) (end -1.48 0.73) (layer B.CrtYd) (width 0.05))
    (fp_line (start -1.48 0.73) (end 1.48 0.73) (layer B.CrtYd) (width 0.05))
    (fp_line (start 1.48 0.73) (end 1.48 -0.73) (layer B.CrtYd) (width 0.05))
    (fp_line (start 1.48 -0.73) (end -1.48 -0.73) (layer B.CrtYd) (width 0.05))
    (fp_text user %R (at 0 0) (layer B.Fab)
      (effects (font (size 0.4 0.4) (thickness 0.06)) (justify mirror))
    )
    (pad 1 smd roundrect (at -0.7875 0 180) (size 0.875 0.95) (layers B.Cu B.Paste B.Mask) (roundrect_rratio 0.25)
      (net 3 +3V3))
    (pad 2 smd roundrect (at 0.7875 0 180) (size 0.875 0.95) (layers B.Cu B.Paste B.Mask) (roundrect_rratio 0.25)
      (net 1 GND))
    (model ${KISYS3DMOD}/Capacitor_SMD.3dshapes/C_0603_1608Metric.wrl
      (at (xyz 0 0 0))
      (scale (xyz 1 1 1))
      (rotate (xyz 0 0 0))
    )
  )

  (module Capacitor_SMD:C_0603_1608Metric (layer B.Cu) (tedit 5B301BBE) (tstamp 5D83E2F7)
    (at 130.8 74.2 180)
    (descr "Capacitor SMD 0603 (1608 Metric), square (rectangular) end terminal, IPC_7351 nominal, (Body size source: http://www.tortai-tech.com/upload/download/2011102023233369053.pdf), generated with kicad-footprint-generator")
    (tags capacitor)
    (path /5D857F55)
    (attr smd)
    (fp_text reference C6 (at 0 1.43) (layer B.SilkS) hide
      (effects (font (size 1 1) (thickness 0.15)) (justify mirror))
    )
    (fp_text value 0.1u (at 2.7 0) (layer B.SilkS)
      (effects (font (size 0.8 0.8) (thickness 0.15)) (justify mirror))
    )
    (fp_text user %R (at 0 0) (layer B.Fab)
      (effects (font (size 0.4 0.4) (thickness 0.06)) (justify mirror))
    )
    (fp_line (start 1.48 -0.73) (end -1.48 -0.73) (layer B.CrtYd) (width 0.05))
    (fp_line (start 1.48 0.73) (end 1.48 -0.73) (layer B.CrtYd) (width 0.05))
    (fp_line (start -1.48 0.73) (end 1.48 0.73) (layer B.CrtYd) (width 0.05))
    (fp_line (start -1.48 -0.73) (end -1.48 0.73) (layer B.CrtYd) (width 0.05))
    (fp_line (start -0.162779 -0.51) (end 0.162779 -0.51) (layer B.SilkS) (width 0.12))
    (fp_line (start -0.162779 0.51) (end 0.162779 0.51) (layer B.SilkS) (width 0.12))
    (fp_line (start 0.8 -0.4) (end -0.8 -0.4) (layer B.Fab) (width 0.1))
    (fp_line (start 0.8 0.4) (end 0.8 -0.4) (layer B.Fab) (width 0.1))
    (fp_line (start -0.8 0.4) (end 0.8 0.4) (layer B.Fab) (width 0.1))
    (fp_line (start -0.8 -0.4) (end -0.8 0.4) (layer B.Fab) (width 0.1))
    (pad 2 smd roundrect (at 0.7875 0 180) (size 0.875 0.95) (layers B.Cu B.Paste B.Mask) (roundrect_rratio 0.25)
      (net 1 GND))
    (pad 1 smd roundrect (at -0.7875 0 180) (size 0.875 0.95) (layers B.Cu B.Paste B.Mask) (roundrect_rratio 0.25)
      (net 3 +3V3))
    (model ${KISYS3DMOD}/Capacitor_SMD.3dshapes/C_0603_1608Metric.wrl
      (at (xyz 0 0 0))
      (scale (xyz 1 1 1))
      (rotate (xyz 0 0 0))
    )
  )

  (module Capacitor_SMD:C_0603_1608Metric (layer B.Cu) (tedit 5B301BBE) (tstamp 5D83E308)
    (at 130.85 86.45 180)
    (descr "Capacitor SMD 0603 (1608 Metric), square (rectangular) end terminal, IPC_7351 nominal, (Body size source: http://www.tortai-tech.com/upload/download/2011102023233369053.pdf), generated with kicad-footprint-generator")
    (tags capacitor)
    (path /5D842869)
    (attr smd)
    (fp_text reference C7 (at 0 1.43) (layer B.SilkS) hide
      (effects (font (size 1 1) (thickness 0.15)) (justify mirror))
    )
    (fp_text value 0.1u (at 2.7 0) (layer B.SilkS)
      (effects (font (size 0.8 0.8) (thickness 0.15)) (justify mirror))
    )
    (fp_text user %R (at 0 0) (layer B.Fab)
      (effects (font (size 0.4 0.4) (thickness 0.06)) (justify mirror))
    )
    (fp_line (start 1.48 -0.73) (end -1.48 -0.73) (layer B.CrtYd) (width 0.05))
    (fp_line (start 1.48 0.73) (end 1.48 -0.73) (layer B.CrtYd) (width 0.05))
    (fp_line (start -1.48 0.73) (end 1.48 0.73) (layer B.CrtYd) (width 0.05))
    (fp_line (start -1.48 -0.73) (end -1.48 0.73) (layer B.CrtYd) (width 0.05))
    (fp_line (start -0.162779 -0.51) (end 0.162779 -0.51) (layer B.SilkS) (width 0.12))
    (fp_line (start -0.162779 0.51) (end 0.162779 0.51) (layer B.SilkS) (width 0.12))
    (fp_line (start 0.8 -0.4) (end -0.8 -0.4) (layer B.Fab) (width 0.1))
    (fp_line (start 0.8 0.4) (end 0.8 -0.4) (layer B.Fab) (width 0.1))
    (fp_line (start -0.8 0.4) (end 0.8 0.4) (layer B.Fab) (width 0.1))
    (fp_line (start -0.8 -0.4) (end -0.8 0.4) (layer B.Fab) (width 0.1))
    (pad 2 smd roundrect (at 0.7875 0 180) (size 0.875 0.95) (layers B.Cu B.Paste B.Mask) (roundrect_rratio 0.25)
      (net 1 GND))
    (pad 1 smd roundrect (at -0.7875 0 180) (size 0.875 0.95) (layers B.Cu B.Paste B.Mask) (roundrect_rratio 0.25)
      (net 3 +3V3))
    (model ${KISYS3DMOD}/Capacitor_SMD.3dshapes/C_0603_1608Metric.wrl
      (at (xyz 0 0 0))
      (scale (xyz 1 1 1))
      (rotate (xyz 0 0 0))
    )
  )

  (module Capacitor_SMD:C_0603_1608Metric (layer B.Cu) (tedit 5B301BBE) (tstamp 5D83E319)
    (at 130.8 98.95 180)
    (descr "Capacitor SMD 0603 (1608 Metric), square (rectangular) end terminal, IPC_7351 nominal, (Body size source: http://www.tortai-tech.com/upload/download/2011102023233369053.pdf), generated with kicad-footprint-generator")
    (tags capacitor)
    (path /5D84D129)
    (attr smd)
    (fp_text reference C8 (at 0 1.43) (layer B.SilkS) hide
      (effects (font (size 1 1) (thickness 0.15)) (justify mirror))
    )
    (fp_text value 0.1u (at 2.7 0) (layer B.SilkS)
      (effects (font (size 0.8 0.8) (thickness 0.15)) (justify mirror))
    )
    (fp_line (start -0.8 -0.4) (end -0.8 0.4) (layer B.Fab) (width 0.1))
    (fp_line (start -0.8 0.4) (end 0.8 0.4) (layer B.Fab) (width 0.1))
    (fp_line (start 0.8 0.4) (end 0.8 -0.4) (layer B.Fab) (width 0.1))
    (fp_line (start 0.8 -0.4) (end -0.8 -0.4) (layer B.Fab) (width 0.1))
    (fp_line (start -0.162779 0.51) (end 0.162779 0.51) (layer B.SilkS) (width 0.12))
    (fp_line (start -0.162779 -0.51) (end 0.162779 -0.51) (layer B.SilkS) (width 0.12))
    (fp_line (start -1.48 -0.73) (end -1.48 0.73) (layer B.CrtYd) (width 0.05))
    (fp_line (start -1.48 0.73) (end 1.48 0.73) (layer B.CrtYd) (width 0.05))
    (fp_line (start 1.48 0.73) (end 1.48 -0.73) (layer B.CrtYd) (width 0.05))
    (fp_line (start 1.48 -0.73) (end -1.48 -0.73) (layer B.CrtYd) (width 0.05))
    (fp_text user %R (at 0 0) (layer B.Fab)
      (effects (font (size 0.4 0.4) (thickness 0.06)) (justify mirror))
    )
    (pad 1 smd roundrect (at -0.7875 0 180) (size 0.875 0.95) (layers B.Cu B.Paste B.Mask) (roundrect_rratio 0.25)
      (net 3 +3V3))
    (pad 2 smd roundrect (at 0.7875 0 180) (size 0.875 0.95) (layers B.Cu B.Paste B.Mask) (roundrect_rratio 0.25)
      (net 1 GND))
    (model ${KISYS3DMOD}/Capacitor_SMD.3dshapes/C_0603_1608Metric.wrl
      (at (xyz 0 0 0))
      (scale (xyz 1 1 1))
      (rotate (xyz 0 0 0))
    )
  )

  (module Capacitor_SMD:C_1210_3225Metric (layer F.Cu) (tedit 5B301BBE) (tstamp 5D83E32A)
    (at 143.95 54.3 270)
    (descr "Capacitor SMD 1210 (3225 Metric), square (rectangular) end terminal, IPC_7351 nominal, (Body size source: http://www.tortai-tech.com/upload/download/2011102023233369053.pdf), generated with kicad-footprint-generator")
    (tags capacitor)
    (path /5D857D67)
    (attr smd)
    (fp_text reference C9 (at 0 -2.28 90) (layer F.SilkS) hide
      (effects (font (size 1 1) (thickness 0.15)))
    )
    (fp_text value 4.7u (at 0 0.05 180) (layer F.SilkS)
      (effects (font (size 0.8 0.8) (thickness 0.15)))
    )
    (fp_line (start -1.6 1.25) (end -1.6 -1.25) (layer F.Fab) (width 0.1))
    (fp_line (start -1.6 -1.25) (end 1.6 -1.25) (layer F.Fab) (width 0.1))
    (fp_line (start 1.6 -1.25) (end 1.6 1.25) (layer F.Fab) (width 0.1))
    (fp_line (start 1.6 1.25) (end -1.6 1.25) (layer F.Fab) (width 0.1))
    (fp_line (start -0.602064 -1.36) (end 0.602064 -1.36) (layer F.SilkS) (width 0.12))
    (fp_line (start -0.602064 1.36) (end 0.602064 1.36) (layer F.SilkS) (width 0.12))
    (fp_line (start -2.28 1.58) (end -2.28 -1.58) (layer F.CrtYd) (width 0.05))
    (fp_line (start -2.28 -1.58) (end 2.28 -1.58) (layer F.CrtYd) (width 0.05))
    (fp_line (start 2.28 -1.58) (end 2.28 1.58) (layer F.CrtYd) (width 0.05))
    (fp_line (start 2.28 1.58) (end -2.28 1.58) (layer F.CrtYd) (width 0.05))
    (fp_text user %R (at 0 0 90) (layer F.Fab)
      (effects (font (size 0.8 0.8) (thickness 0.12)))
    )
    (pad 1 smd roundrect (at -1.4 0 270) (size 1.25 2.65) (layers F.Cu F.Paste F.Mask) (roundrect_rratio 0.2)
      (net 4 "Net-(C9-Pad1)"))
    (pad 2 smd roundrect (at 1.4 0 270) (size 1.25 2.65) (layers F.Cu F.Paste F.Mask) (roundrect_rratio 0.2)
      (net 5 /MOTOR0_OUT_L))
    (model ${KISYS3DMOD}/Capacitor_SMD.3dshapes/C_1210_3225Metric.wrl
      (at (xyz 0 0 0))
      (scale (xyz 1 1 1))
      (rotate (xyz 0 0 0))
    )
  )

  (module Capacitor_SMD:C_1210_3225Metric (layer F.Cu) (tedit 5B301BBE) (tstamp 5D83E33B)
    (at 143.95 60.7 270)
    (descr "Capacitor SMD 1210 (3225 Metric), square (rectangular) end terminal, IPC_7351 nominal, (Body size source: http://www.tortai-tech.com/upload/download/2011102023233369053.pdf), generated with kicad-footprint-generator")
    (tags capacitor)
    (path /5D857D7B)
    (attr smd)
    (fp_text reference C10 (at 0 -2.28 90) (layer F.SilkS) hide
      (effects (font (size 1 1) (thickness 0.15)))
    )
    (fp_text value 4.7u (at 0.05 0 180) (layer F.SilkS)
      (effects (font (size 0.8 0.8) (thickness 0.15)))
    )
    (fp_line (start -1.6 1.25) (end -1.6 -1.25) (layer F.Fab) (width 0.1))
    (fp_line (start -1.6 -1.25) (end 1.6 -1.25) (layer F.Fab) (width 0.1))
    (fp_line (start 1.6 -1.25) (end 1.6 1.25) (layer F.Fab) (width 0.1))
    (fp_line (start 1.6 1.25) (end -1.6 1.25) (layer F.Fab) (width 0.1))
    (fp_line (start -0.602064 -1.36) (end 0.602064 -1.36) (layer F.SilkS) (width 0.12))
    (fp_line (start -0.602064 1.36) (end 0.602064 1.36) (layer F.SilkS) (width 0.12))
    (fp_line (start -2.28 1.58) (end -2.28 -1.58) (layer F.CrtYd) (width 0.05))
    (fp_line (start -2.28 -1.58) (end 2.28 -1.58) (layer F.CrtYd) (width 0.05))
    (fp_line (start 2.28 -1.58) (end 2.28 1.58) (layer F.CrtYd) (width 0.05))
    (fp_line (start 2.28 1.58) (end -2.28 1.58) (layer F.CrtYd) (width 0.05))
    (fp_text user %R (at 0 0 90) (layer F.Fab)
      (effects (font (size 0.8 0.8) (thickness 0.12)))
    )
    (pad 1 smd roundrect (at -1.4 0 270) (size 1.25 2.65) (layers F.Cu F.Paste F.Mask) (roundrect_rratio 0.2)
      (net 6 "Net-(C10-Pad1)"))
    (pad 2 smd roundrect (at 1.4 0 270) (size 1.25 2.65) (layers F.Cu F.Paste F.Mask) (roundrect_rratio 0.2)
      (net 7 GNDPWR))
    (model ${KISYS3DMOD}/Capacitor_SMD.3dshapes/C_1210_3225Metric.wrl
      (at (xyz 0 0 0))
      (scale (xyz 1 1 1))
      (rotate (xyz 0 0 0))
    )
  )

  (module Capacitor_SMD:C_1210_3225Metric (layer F.Cu) (tedit 5B301BBE) (tstamp 5D83E34C)
    (at 143.95 66.55 270)
    (descr "Capacitor SMD 1210 (3225 Metric), square (rectangular) end terminal, IPC_7351 nominal, (Body size source: http://www.tortai-tech.com/upload/download/2011102023233369053.pdf), generated with kicad-footprint-generator")
    (tags capacitor)
    (path /5D857E7D)
    (attr smd)
    (fp_text reference C11 (at 0 -2.28 90) (layer F.SilkS) hide
      (effects (font (size 1 1) (thickness 0.15)))
    )
    (fp_text value 4.7u (at 0 0 180) (layer F.SilkS)
      (effects (font (size 0.8 0.8) (thickness 0.15)))
    )
    (fp_text user %R (at 0 0 90) (layer F.Fab)
      (effects (font (size 0.8 0.8) (thickness 0.12)))
    )
    (fp_line (start 2.28 1.58) (end -2.28 1.58) (layer F.CrtYd) (width 0.05))
    (fp_line (start 2.28 -1.58) (end 2.28 1.58) (layer F.CrtYd) (width 0.05))
    (fp_line (start -2.28 -1.58) (end 2.28 -1.58) (layer F.CrtYd) (width 0.05))
    (fp_line (start -2.28 1.58) (end -2.28 -1.58) (layer F.CrtYd) (width 0.05))
    (fp_line (start -0.602064 1.36) (end 0.602064 1.36) (layer F.SilkS) (width 0.12))
    (fp_line (start -0.602064 -1.36) (end 0.602064 -1.36) (layer F.SilkS) (width 0.12))
    (fp_line (start 1.6 1.25) (end -1.6 1.25) (layer F.Fab) (width 0.1))
    (fp_line (start 1.6 -1.25) (end 1.6 1.25) (layer F.Fab) (width 0.1))
    (fp_line (start -1.6 -1.25) (end 1.6 -1.25) (layer F.Fab) (width 0.1))
    (fp_line (start -1.6 1.25) (end -1.6 -1.25) (layer F.Fab) (width 0.1))
    (pad 2 smd roundrect (at 1.4 0 270) (size 1.25 2.65) (layers F.Cu F.Paste F.Mask) (roundrect_rratio 0.2)
      (net 8 /MOTOR0_OUT_R))
    (pad 1 smd roundrect (at -1.4 0 270) (size 1.25 2.65) (layers F.Cu F.Paste F.Mask) (roundrect_rratio 0.2)
      (net 9 "Net-(C11-Pad1)"))
    (model ${KISYS3DMOD}/Capacitor_SMD.3dshapes/C_1210_3225Metric.wrl
      (at (xyz 0 0 0))
      (scale (xyz 1 1 1))
      (rotate (xyz 0 0 0))
    )
  )

  (module Capacitor_SMD:C_1210_3225Metric (layer F.Cu) (tedit 5B301BBE) (tstamp 5D83E35D)
    (at 143.95 72.9 270)
    (descr "Capacitor SMD 1210 (3225 Metric), square (rectangular) end terminal, IPC_7351 nominal, (Body size source: http://www.tortai-tech.com/upload/download/2011102023233369053.pdf), generated with kicad-footprint-generator")
    (tags capacitor)
    (path /5D857E91)
    (attr smd)
    (fp_text reference C12 (at 0 -2.28 90) (layer F.SilkS) hide
      (effects (font (size 1 1) (thickness 0.15)))
    )
    (fp_text value 4.7u (at 0 0 180) (layer F.SilkS)
      (effects (font (size 0.8 0.8) (thickness 0.15)))
    )
    (fp_line (start -1.6 1.25) (end -1.6 -1.25) (layer F.Fab) (width 0.1))
    (fp_line (start -1.6 -1.25) (end 1.6 -1.25) (layer F.Fab) (width 0.1))
    (fp_line (start 1.6 -1.25) (end 1.6 1.25) (layer F.Fab) (width 0.1))
    (fp_line (start 1.6 1.25) (end -1.6 1.25) (layer F.Fab) (width 0.1))
    (fp_line (start -0.602064 -1.36) (end 0.602064 -1.36) (layer F.SilkS) (width 0.12))
    (fp_line (start -0.602064 1.36) (end 0.602064 1.36) (layer F.SilkS) (width 0.12))
    (fp_line (start -2.28 1.58) (end -2.28 -1.58) (layer F.CrtYd) (width 0.05))
    (fp_line (start -2.28 -1.58) (end 2.28 -1.58) (layer F.CrtYd) (width 0.05))
    (fp_line (start 2.28 -1.58) (end 2.28 1.58) (layer F.CrtYd) (width 0.05))
    (fp_line (start 2.28 1.58) (end -2.28 1.58) (layer F.CrtYd) (width 0.05))
    (fp_text user %R (at 0 0 90) (layer F.Fab)
      (effects (font (size 0.8 0.8) (thickness 0.12)))
    )
    (pad 1 smd roundrect (at -1.4 0 270) (size 1.25 2.65) (layers F.Cu F.Paste F.Mask) (roundrect_rratio 0.2)
      (net 10 "Net-(C12-Pad1)"))
    (pad 2 smd roundrect (at 1.4 0 270) (size 1.25 2.65) (layers F.Cu F.Paste F.Mask) (roundrect_rratio 0.2)
      (net 7 GNDPWR))
    (model ${KISYS3DMOD}/Capacitor_SMD.3dshapes/C_1210_3225Metric.wrl
      (at (xyz 0 0 0))
      (scale (xyz 1 1 1))
      (rotate (xyz 0 0 0))
    )
  )

  (module Capacitor_SMD:C_1210_3225Metric (layer F.Cu) (tedit 5B301BBE) (tstamp 5D83E36E)
    (at 144 78.85 270)
    (descr "Capacitor SMD 1210 (3225 Metric), square (rectangular) end terminal, IPC_7351 nominal, (Body size source: http://www.tortai-tech.com/upload/download/2011102023233369053.pdf), generated with kicad-footprint-generator")
    (tags capacitor)
    (path /5D83857D)
    (attr smd)
    (fp_text reference C13 (at 0 -2.28 90) (layer F.SilkS) hide
      (effects (font (size 1 1) (thickness 0.15)))
    )
    (fp_text value 4.7u (at 0 0 180) (layer F.SilkS)
      (effects (font (size 0.8 0.8) (thickness 0.15)))
    )
    (fp_text user %R (at 0 0 90) (layer F.Fab)
      (effects (font (size 0.8 0.8) (thickness 0.12)))
    )
    (fp_line (start 2.28 1.58) (end -2.28 1.58) (layer F.CrtYd) (width 0.05))
    (fp_line (start 2.28 -1.58) (end 2.28 1.58) (layer F.CrtYd) (width 0.05))
    (fp_line (start -2.28 -1.58) (end 2.28 -1.58) (layer F.CrtYd) (width 0.05))
    (fp_line (start -2.28 1.58) (end -2.28 -1.58) (layer F.CrtYd) (width 0.05))
    (fp_line (start -0.602064 1.36) (end 0.602064 1.36) (layer F.SilkS) (width 0.12))
    (fp_line (start -0.602064 -1.36) (end 0.602064 -1.36) (layer F.SilkS) (width 0.12))
    (fp_line (start 1.6 1.25) (end -1.6 1.25) (layer F.Fab) (width 0.1))
    (fp_line (start 1.6 -1.25) (end 1.6 1.25) (layer F.Fab) (width 0.1))
    (fp_line (start -1.6 -1.25) (end 1.6 -1.25) (layer F.Fab) (width 0.1))
    (fp_line (start -1.6 1.25) (end -1.6 -1.25) (layer F.Fab) (width 0.1))
    (pad 2 smd roundrect (at 1.4 0 270) (size 1.25 2.65) (layers F.Cu F.Paste F.Mask) (roundrect_rratio 0.2)
      (net 11 /MOTOR1_OUT_L))
    (pad 1 smd roundrect (at -1.4 0 270) (size 1.25 2.65) (layers F.Cu F.Paste F.Mask) (roundrect_rratio 0.2)
      (net 12 "Net-(C13-Pad1)"))
    (model ${KISYS3DMOD}/Capacitor_SMD.3dshapes/C_1210_3225Metric.wrl
      (at (xyz 0 0 0))
      (scale (xyz 1 1 1))
      (rotate (xyz 0 0 0))
    )
  )

  (module Capacitor_SMD:C_1210_3225Metric (layer F.Cu) (tedit 5B301BBE) (tstamp 5D83E37F)
    (at 144 85.15 270)
    (descr "Capacitor SMD 1210 (3225 Metric), square (rectangular) end terminal, IPC_7351 nominal, (Body size source: http://www.tortai-tech.com/upload/download/2011102023233369053.pdf), generated with kicad-footprint-generator")
    (tags capacitor)
    (path /5D839386)
    (attr smd)
    (fp_text reference C14 (at 0 -2.28 90) (layer F.SilkS) hide
      (effects (font (size 1 1) (thickness 0.15)))
    )
    (fp_text value 4.7u (at -0.005001 0.014999) (layer F.SilkS)
      (effects (font (size 0.8 0.8) (thickness 0.15)))
    )
    (fp_text user %R (at 0 0 90) (layer F.Fab)
      (effects (font (size 0.8 0.8) (thickness 0.12)))
    )
    (fp_line (start 2.28 1.58) (end -2.28 1.58) (layer F.CrtYd) (width 0.05))
    (fp_line (start 2.28 -1.58) (end 2.28 1.58) (layer F.CrtYd) (width 0.05))
    (fp_line (start -2.28 -1.58) (end 2.28 -1.58) (layer F.CrtYd) (width 0.05))
    (fp_line (start -2.28 1.58) (end -2.28 -1.58) (layer F.CrtYd) (width 0.05))
    (fp_line (start -0.602064 1.36) (end 0.602064 1.36) (layer F.SilkS) (width 0.12))
    (fp_line (start -0.602064 -1.36) (end 0.602064 -1.36) (layer F.SilkS) (width 0.12))
    (fp_line (start 1.6 1.25) (end -1.6 1.25) (layer F.Fab) (width 0.1))
    (fp_line (start 1.6 -1.25) (end 1.6 1.25) (layer F.Fab) (width 0.1))
    (fp_line (start -1.6 -1.25) (end 1.6 -1.25) (layer F.Fab) (width 0.1))
    (fp_line (start -1.6 1.25) (end -1.6 -1.25) (layer F.Fab) (width 0.1))
    (pad 2 smd roundrect (at 1.4 0 270) (size 1.25 2.65) (layers F.Cu F.Paste F.Mask) (roundrect_rratio 0.2)
      (net 7 GNDPWR))
    (pad 1 smd roundrect (at -1.4 0 270) (size 1.25 2.65) (layers F.Cu F.Paste F.Mask) (roundrect_rratio 0.2)
      (net 13 "Net-(C14-Pad1)"))
    (model ${KISYS3DMOD}/Capacitor_SMD.3dshapes/C_1210_3225Metric.wrl
      (at (xyz 0 0 0))
      (scale (xyz 1 1 1))
      (rotate (xyz 0 0 0))
    )
  )

  (module Capacitor_SMD:C_1210_3225Metric (layer F.Cu) (tedit 5B301BBE) (tstamp 5D83E390)
    (at 144 91.35 270)
    (descr "Capacitor SMD 1210 (3225 Metric), square (rectangular) end terminal, IPC_7351 nominal, (Body size source: http://www.tortai-tech.com/upload/download/2011102023233369053.pdf), generated with kicad-footprint-generator")
    (tags capacitor)
    (path /5D84D051)
    (attr smd)
    (fp_text reference C15 (at 0 -2.28 90) (layer F.SilkS) hide
      (effects (font (size 1 1) (thickness 0.15)))
    )
    (fp_text value 4.7u (at 0 0 180) (layer F.SilkS)
      (effects (font (size 0.8 0.8) (thickness 0.15)))
    )
    (fp_line (start -1.6 1.25) (end -1.6 -1.25) (layer F.Fab) (width 0.1))
    (fp_line (start -1.6 -1.25) (end 1.6 -1.25) (layer F.Fab) (width 0.1))
    (fp_line (start 1.6 -1.25) (end 1.6 1.25) (layer F.Fab) (width 0.1))
    (fp_line (start 1.6 1.25) (end -1.6 1.25) (layer F.Fab) (width 0.1))
    (fp_line (start -0.602064 -1.36) (end 0.602064 -1.36) (layer F.SilkS) (width 0.12))
    (fp_line (start -0.602064 1.36) (end 0.602064 1.36) (layer F.SilkS) (width 0.12))
    (fp_line (start -2.28 1.58) (end -2.28 -1.58) (layer F.CrtYd) (width 0.05))
    (fp_line (start -2.28 -1.58) (end 2.28 -1.58) (layer F.CrtYd) (width 0.05))
    (fp_line (start 2.28 -1.58) (end 2.28 1.58) (layer F.CrtYd) (width 0.05))
    (fp_line (start 2.28 1.58) (end -2.28 1.58) (layer F.CrtYd) (width 0.05))
    (fp_text user %R (at 0 0 90) (layer F.Fab)
      (effects (font (size 0.8 0.8) (thickness 0.12)))
    )
    (pad 1 smd roundrect (at -1.4 0 270) (size 1.25 2.65) (layers F.Cu F.Paste F.Mask) (roundrect_rratio 0.2)
      (net 14 "Net-(C15-Pad1)"))
    (pad 2 smd roundrect (at 1.4 0 270) (size 1.25 2.65) (layers F.Cu F.Paste F.Mask) (roundrect_rratio 0.2)
      (net 15 /MOTOR1_OUT_R))
    (model ${KISYS3DMOD}/Capacitor_SMD.3dshapes/C_1210_3225Metric.wrl
      (at (xyz 0 0 0))
      (scale (xyz 1 1 1))
      (rotate (xyz 0 0 0))
    )
  )

  (module Capacitor_SMD:C_1210_3225Metric (layer F.Cu) (tedit 5B301BBE) (tstamp 5D844337)
    (at 144 97.65 270)
    (descr "Capacitor SMD 1210 (3225 Metric), square (rectangular) end terminal, IPC_7351 nominal, (Body size source: http://www.tortai-tech.com/upload/download/2011102023233369053.pdf), generated with kicad-footprint-generator")
    (tags capacitor)
    (path /5D84D065)
    (attr smd)
    (fp_text reference C16 (at 0 -2.28 90) (layer F.SilkS) hide
      (effects (font (size 1 1) (thickness 0.15)))
    )
    (fp_text value 4.7u (at 0 0.05) (layer F.SilkS)
      (effects (font (size 0.8 0.8) (thickness 0.15)))
    )
    (fp_text user %R (at 0 0 90) (layer F.Fab)
      (effects (font (size 0.8 0.8) (thickness 0.12)))
    )
    (fp_line (start 2.28 1.58) (end -2.28 1.58) (layer F.CrtYd) (width 0.05))
    (fp_line (start 2.28 -1.58) (end 2.28 1.58) (layer F.CrtYd) (width 0.05))
    (fp_line (start -2.28 -1.58) (end 2.28 -1.58) (layer F.CrtYd) (width 0.05))
    (fp_line (start -2.28 1.58) (end -2.28 -1.58) (layer F.CrtYd) (width 0.05))
    (fp_line (start -0.602064 1.36) (end 0.602064 1.36) (layer F.SilkS) (width 0.12))
    (fp_line (start -0.602064 -1.36) (end 0.602064 -1.36) (layer F.SilkS) (width 0.12))
    (fp_line (start 1.6 1.25) (end -1.6 1.25) (layer F.Fab) (width 0.1))
    (fp_line (start 1.6 -1.25) (end 1.6 1.25) (layer F.Fab) (width 0.1))
    (fp_line (start -1.6 -1.25) (end 1.6 -1.25) (layer F.Fab) (width 0.1))
    (fp_line (start -1.6 1.25) (end -1.6 -1.25) (layer F.Fab) (width 0.1))
    (pad 2 smd roundrect (at 1.4 0 270) (size 1.25 2.65) (layers F.Cu F.Paste F.Mask) (roundrect_rratio 0.2)
      (net 7 GNDPWR))
    (pad 1 smd roundrect (at -1.4 0 270) (size 1.25 2.65) (layers F.Cu F.Paste F.Mask) (roundrect_rratio 0.2)
      (net 16 "Net-(C16-Pad1)"))
    (model ${KISYS3DMOD}/Capacitor_SMD.3dshapes/C_1210_3225Metric.wrl
      (at (xyz 0 0 0))
      (scale (xyz 1 1 1))
      (rotate (xyz 0 0 0))
    )
  )

  (module Capacitor_THT:CP_Radial_D12.5mm_P5.00mm (layer F.Cu) (tedit 5AE50EF1) (tstamp 5D83E497)
    (at 156.9 44.7 90)
    (descr "CP, Radial series, Radial, pin pitch=5.00mm, , diameter=12.5mm, Electrolytic Capacitor")
    (tags "CP Radial series Radial pin pitch 5.00mm  diameter 12.5mm Electrolytic Capacitor")
    (path /5D979CBC)
    (fp_text reference C17 (at 2.5 -7.5 90) (layer F.SilkS) hide
      (effects (font (size 1 1) (thickness 0.15)))
    )
    (fp_text value 1500u (at -2.35 0 180) (layer F.SilkS)
      (effects (font (size 1 1) (thickness 0.15)))
    )
    (fp_circle (center 2.5 0) (end 8.75 0) (layer F.Fab) (width 0.1))
    (fp_circle (center 2.5 0) (end 8.87 0) (layer F.SilkS) (width 0.12))
    (fp_circle (center 2.5 0) (end 9 0) (layer F.CrtYd) (width 0.05))
    (fp_line (start -2.866489 -2.7375) (end -1.616489 -2.7375) (layer F.Fab) (width 0.1))
    (fp_line (start -2.241489 -3.3625) (end -2.241489 -2.1125) (layer F.Fab) (width 0.1))
    (fp_line (start 2.5 -6.33) (end 2.5 6.33) (layer F.SilkS) (width 0.12))
    (fp_line (start 2.54 -6.33) (end 2.54 6.33) (layer F.SilkS) (width 0.12))
    (fp_line (start 2.58 -6.33) (end 2.58 6.33) (layer F.SilkS) (width 0.12))
    (fp_line (start 2.62 -6.329) (end 2.62 6.329) (layer F.SilkS) (width 0.12))
    (fp_line (start 2.66 -6.328) (end 2.66 6.328) (layer F.SilkS) (width 0.12))
    (fp_line (start 2.7 -6.327) (end 2.7 6.327) (layer F.SilkS) (width 0.12))
    (fp_line (start 2.74 -6.326) (end 2.74 6.326) (layer F.SilkS) (width 0.12))
    (fp_line (start 2.78 -6.324) (end 2.78 6.324) (layer F.SilkS) (width 0.12))
    (fp_line (start 2.82 -6.322) (end 2.82 6.322) (layer F.SilkS) (width 0.12))
    (fp_line (start 2.86 -6.32) (end 2.86 6.32) (layer F.SilkS) (width 0.12))
    (fp_line (start 2.9 -6.318) (end 2.9 6.318) (layer F.SilkS) (width 0.12))
    (fp_line (start 2.94 -6.315) (end 2.94 6.315) (layer F.SilkS) (width 0.12))
    (fp_line (start 2.98 -6.312) (end 2.98 6.312) (layer F.SilkS) (width 0.12))
    (fp_line (start 3.02 -6.309) (end 3.02 6.309) (layer F.SilkS) (width 0.12))
    (fp_line (start 3.06 -6.306) (end 3.06 6.306) (layer F.SilkS) (width 0.12))
    (fp_line (start 3.1 -6.302) (end 3.1 6.302) (layer F.SilkS) (width 0.12))
    (fp_line (start 3.14 -6.298) (end 3.14 6.298) (layer F.SilkS) (width 0.12))
    (fp_line (start 3.18 -6.294) (end 3.18 6.294) (layer F.SilkS) (width 0.12))
    (fp_line (start 3.221 -6.29) (end 3.221 6.29) (layer F.SilkS) (width 0.12))
    (fp_line (start 3.261 -6.285) (end 3.261 6.285) (layer F.SilkS) (width 0.12))
    (fp_line (start 3.301 -6.28) (end 3.301 6.28) (layer F.SilkS) (width 0.12))
    (fp_line (start 3.341 -6.275) (end 3.341 6.275) (layer F.SilkS) (width 0.12))
    (fp_line (start 3.381 -6.269) (end 3.381 6.269) (layer F.SilkS) (width 0.12))
    (fp_line (start 3.421 -6.264) (end 3.421 6.264) (layer F.SilkS) (width 0.12))
    (fp_line (start 3.461 -6.258) (end 3.461 6.258) (layer F.SilkS) (width 0.12))
    (fp_line (start 3.501 -6.252) (end 3.501 6.252) (layer F.SilkS) (width 0.12))
    (fp_line (start 3.541 -6.245) (end 3.541 6.245) (layer F.SilkS) (width 0.12))
    (fp_line (start 3.581 -6.238) (end 3.581 -1.44) (layer F.SilkS) (width 0.12))
    (fp_line (start 3.581 1.44) (end 3.581 6.238) (layer F.SilkS) (width 0.12))
    (fp_line (start 3.621 -6.231) (end 3.621 -1.44) (layer F.SilkS) (width 0.12))
    (fp_line (start 3.621 1.44) (end 3.621 6.231) (layer F.SilkS) (width 0.12))
    (fp_line (start 3.661 -6.224) (end 3.661 -1.44) (layer F.SilkS) (width 0.12))
    (fp_line (start 3.661 1.44) (end 3.661 6.224) (layer F.SilkS) (width 0.12))
    (fp_line (start 3.701 -6.216) (end 3.701 -1.44) (layer F.SilkS) (width 0.12))
