(kicad_pcb (version 20171130) (host pcbnew "(5.1.4)-1")

  (general
    (thickness 1.6)
    (drawings 45)
    (tracks 1783)
    (zones 0)
    (modules 200)
    (nets 195)
  )

  (page A4)
  (layers
    (0 F.Cu signal)
    (31 B.Cu signal)
    (32 B.Adhes user)
    (33 F.Adhes user)
    (34 B.Paste user)
    (35 F.Paste user)
    (36 B.SilkS user)
    (37 F.SilkS user)
    (38 B.Mask user)
    (39 F.Mask user)
    (40 Dwgs.User user)
    (41 Cmts.User user)
    (42 Eco1.User user)
    (43 Eco2.User user)
    (44 Edge.Cuts user)
    (45 Margin user)
    (46 B.CrtYd user)
    (47 F.CrtYd user)
    (48 B.Fab user)
    (49 F.Fab user)
  )

  (setup
    (last_trace_width 0.25)
    (user_trace_width 0.3)
    (user_trace_width 0.5)
    (user_trace_width 1)
    (user_trace_width 1.5)
    (trace_clearance 0.2)
    (zone_clearance 0.2)
    (zone_45_only no)
    (trace_min 0.2)
    (via_size 0.8)
    (via_drill 0.4)
    (via_min_size 0.4)
    (via_min_drill 0.3)
    (user_via 0.5 0.3)
    (user_via 1 0.5)
    (user_via 6 3)
    (uvia_size 0.3)
    (uvia_drill 0.1)
    (uvias_allowed no)
    (uvia_min_size 0.2)
    (uvia_min_drill 0.1)
    (edge_width 0.05)
    (segment_width 0.2)
    (pcb_text_width 0.3)
    (pcb_text_size 1.5 1.5)
    (mod_edge_width 0.12)
    (mod_text_size 1 1)
    (mod_text_width 0.15)
    (pad_size 1.524 1.524)
    (pad_drill 0.762)
    (pad_to_mask_clearance 0.051)
    (solder_mask_min_width 0.25)
    (aux_axis_origin 0 0)
    (visible_elements 7FFFFF7F)
    (pcbplotparams
      (layerselection 0x010f0_ffffffff)
      (usegerberextensions false)
      (usegerberattributes false)
      (usegerberadvancedattributes false)
      (creategerberjobfile false)
      (excludeedgelayer true)
      (linewidth 0.100000)
      (plotframeref false)
      (viasonmask false)
      (mode 1)
      (useauxorigin false)
      (hpglpennumber 1)
      (hpglpenspeed 20)
      (hpglpendiameter 15.000000)
      (psnegative false)
      (psa4output false)
      (plotreference true)
      (plotvalue true)
      (plotinvisibletext false)
      (padsonsilk false)
      (subtractmaskfromsilk false)
      (outputformat 1)
      (mirror false)
      (drillshape 0)
      (scaleselection 1)
      (outputdirectory "C:/Users/3Zuta/OneDrive/デスクトップ/Ki-CAD_Project/工大祭/工大祭MD/MD_Enbarr_x2/加工/"))
  )

  (net 0 "")
  (net 1 /OSC_IN)
  (net 2 GND)
  (net 3 /~RST)
  (net 4 /OSC_OUT)
  (net 5 +3V3)
  (net 6 /CAN_Vdd)
  (net 7 "Net-(C13-Pad1)")
  (net 8 "Net-(C14-Pad1)")
  (net 9 /FB_PWR_OUT)
  (net 10 /FB_PWR)
  (net 11 "Net-(C19-Pad1)")
  (net 12 "Net-(C20-Pad1)")
  (net 13 GNDPWR)
  (net 14 +3.3VP)
  (net 15 "Net-(C23-Pad2)")
  (net 16 "Net-(C23-Pad1)")
  (net 17 /Voltage)
  (net 18 /batt)
  (net 19 +12P)
  (net 20 "Net-(C30-Pad1)")
  (net 21 "Net-(C31-Pad1)")
  (net 22 +BATT)
  (net 23 +5V)
  (net 24 "Net-(D2-Pad2)")
  (net 25 "Net-(D3-Pad2)")
  (net 26 "Net-(D4-Pad2)")
  (net 27 +12V)
  (net 28 /PWM0_L)
  (net 29 /PWM0_R)
  (net 30 "Net-(D13-Pad2)")
  (net 31 "Net-(D14-Pad2)")
  (net 32 "Net-(D19-Pad2)")
  (net 33 "Net-(D20-Pad2)")
  (net 34 "Net-(D21-Pad2)")
  (net 35 "Net-(D22-Pad2)")
  (net 36 "Net-(D23-Pad2)")
  (net 37 "Net-(D26-Pad2)")
  (net 38 "Net-(JP1-Pad1)")
  (net 39 /CAN_H)
  (net 40 "Net-(JP2-Pad2)")
  (net 41 /SWCLK)
  (net 42 /SWDIO)
  (net 43 "Net-(P1-Pad6)")
  (net 44 /CAN_L)
  (net 45 /USART2_RX)
  (net 46 /USART2_TX)
  (net 47 /PA4)
  (net 48 "Net-(P7-Pad2)")
  (net 49 "Net-(R1-Pad1)")
  (net 50 /SW0)
  (net 51 /SW1)
  (net 52 /LED0)
  (net 53 /LED1)
  (net 54 /LED2)
  (net 55 "Net-(R9-Pad2)")
  (net 56 /EN0)
  (net 57 "Net-(R11-Pad1)")
  (net 58 "Net-(R12-Pad1)")
  (net 59 "Net-(R17-Pad2)")
  (net 60 "Net-(R18-Pad2)")
  (net 61 "Net-(R30-Pad2)")
  (net 62 "Net-(R31-Pad2)")
  (net 63 "Net-(R35-Pad1)")
  (net 64 /FB)
  (net 65 /PA8)
  (net 66 "Net-(R40-Pad1)")
  (net 67 /ADR_1)
  (net 68 /ADR_8)
  (net 69 /ADR_4)
  (net 70 /ADR_2)
  (net 71 /CAN1_RX)
  (net 72 /CAN1_TX)
  (net 73 "Net-(U3-Pad30)")
  (net 74 "Net-(U3-Pad40)")
  (net 75 /USART1_TX)
  (net 76 /USART1_RX)
  (net 77 /PA11)
  (net 78 "Net-(U3-Pad45)")
  (net 79 "Net-(U3-Pad51)")
  (net 80 "Net-(U3-Pad54)")
  (net 81 "Net-(U3-Pad55)")
  (net 82 "Net-(U3-Pad59)")
  (net 83 "Net-(U4-Pad13)")
  (net 84 "Net-(U4-Pad12)")
  (net 85 "Net-(U4-Pad7)")
  (net 86 "Net-(U4-Pad2)")
  (net 87 "Net-(U5-Pad6)")
  (net 88 "Net-(U5-Pad11)")
  (net 89 "Net-(U5-Pad14)")
  (net 90 "Net-(U5-Pad15)")
  (net 91 "Net-(D27-Pad2)")
  (net 92 "Net-(C26-Pad2)")
  (net 93 "Net-(P11-Pad4)")
  (net 94 "Net-(P11-Pad3)")
  (net 95 /TIM3_CH1)
  (net 96 /TIM3_CH2)
  (net 97 "Net-(C39-Pad1)")
  (net 98 "Net-(C39-Pad2)")
  (net 99 /ADC_~RST)
  (net 100 "Net-(D7-Pad1)")
  (net 101 "Net-(D8-Pad1)")
  (net 102 "Net-(D9-Pad1)")
  (net 103 "Net-(D32-Pad2)")
  (net 104 "Net-(D33-Pad2)")
  (net 105 "Net-(D34-Pad2)")
  (net 106 /OUT0_L)
  (net 107 /CounterVoltage0)
  (net 108 /OUT0_R)
  (net 109 "Net-(C47-Pad1)")
  (net 110 /OUT1_L)
  (net 111 "Net-(C48-Pad1)")
  (net 112 /Current1)
  (net 113 /Current0)
  (net 114 /OUT1_R)
  (net 115 /CounterVoltage1)
  (net 116 "Net-(C52-Pad1)")
  (net 117 "Net-(C53-Pad1)")
  (net 118 /PWM1_R)
  (net 119 "Net-(D17-Pad2)")
  (net 120 /MOTOR0_BATT)
  (net 121 /PWM1_L)
  (net 122 /LED3)
  (net 123 "Net-(D39-Pad1)")
  (net 124 /LED4)
  (net 125 "Net-(D43-Pad2)")
  (net 126 "Net-(D44-Pad2)")
  (net 127 /MOTOR1_BATT)
  (net 128 "Net-(D47-Pad2)")
  (net 129 "Net-(D50-Pad2)")
  (net 130 "Net-(D51-Pad2)")
  (net 131 "Net-(P13-Pad3)")
  (net 132 "Net-(P13-Pad4)")
  (net 133 "Net-(Q5-Pad4)")
  (net 134 "Net-(Q6-Pad4)")
  (net 135 "Net-(Q7-Pad4)")
  (net 136 "Net-(Q8-Pad4)")
  (net 137 /TIM5_CH1)
  (net 138 /TIM5_CH2)
  (net 139 /EN1)
  (net 140 "Net-(R54-Pad1)")
  (net 141 "Net-(R55-Pad2)")
  (net 142 "Net-(R56-Pad2)")
  (net 143 "Net-(R57-Pad1)")
  (net 144 "Net-(R60-Pad1)")
  (net 145 "Net-(R65-Pad2)")
  (net 146 "Net-(R66-Pad2)")
  (net 147 "Net-(R67-Pad1)")
  (net 148 "Net-(U8-Pad13)")
  (net 149 "Net-(U8-Pad12)")
  (net 150 "Net-(U8-Pad7)")
  (net 151 "Net-(U8-Pad2)")
  (net 152 "Net-(U14-Pad2)")
  (net 153 "Net-(U14-Pad7)")
  (net 154 "Net-(U14-Pad12)")
  (net 155 "Net-(U14-Pad13)")
  (net 156 /PA5)
  (net 157 /PA15)
  (net 158 "Net-(U3-Pad52)")
  (net 159 "Net-(U3-Pad53)")
  (net 160 /MODE)
  (net 161 "Net-(C45-Pad1)")
  (net 162 "Net-(C46-Pad1)")
  (net 163 "Net-(C49-Pad1)")
  (net 164 "Net-(D1-Pad2)")
  (net 165 "Net-(D11-Pad2)")
  (net 166 "Net-(Q1-PadG)")
  (net 167 "Net-(Q2-PadG)")
  (net 168 "Net-(Q3-PadG)")
  (net 169 "Net-(Q4-PadG)")
  (net 170 "Net-(Q5-PadG)")
  (net 171 "Net-(Q6-PadG)")
  (net 172 "Net-(Q7-PadG)")
  (net 173 "Net-(Q8-PadG)")
  (net 174 "Net-(R13-Pad1)")
  (net 175 "Net-(R53-Pad2)")
  (net 176 "Net-(R54-Pad2)")
  (net 177 "Net-(R63-Pad2)")
  (net 178 "Net-(R64-Pad2)")
  (net 179 "Net-(R65-Pad1)")
  (net 180 "Net-(U12-Pad2)")
  (net 181 "Net-(U12-Pad7)")
  (net 182 "Net-(U12-Pad10)")
  (net 183 "Net-(U12-Pad11)")
  (net 184 "Net-(U12-Pad12)")
  (net 185 "Net-(U12-Pad13)")
  (net 186 "Net-(U12-Pad15)")
  (net 187 "Net-(U12-Pad16)")
  (net 188 "Net-(U14-Pad10)")
  (net 189 "Net-(U14-Pad11)")
  (net 190 "Net-(U14-Pad15)")
  (net 191 "Net-(U14-Pad16)")
  (net 192 /Motor0_Tmp)
  (net 193 /Motor1_Tmp)
  (net 194 "Net-(U3-Pad25)")

  (net_class Default "これはデフォルトのネット クラスです。"
    (clearance 0.2)
    (trace_width 0.25)
    (via_dia 0.8)
    (via_drill 0.4)
    (uvia_dia 0.3)
    (uvia_drill 0.1)
    (add_net +12P)
    (add_net +12V)
    (add_net +3.3VP)
    (add_net +3V3)
    (add_net +5V)
    (add_net +BATT)
    (add_net /ADC_~RST)
    (add_net /ADR_1)
    (add_net /ADR_2)
    (add_net /ADR_4)
    (add_net /ADR_8)
    (add_net /CAN1_RX)
    (add_net /CAN1_TX)
    (add_net /CAN_H)
    (add_net /CAN_L)
    (add_net /CAN_Vdd)
    (add_net /CounterVoltage0)
    (add_net /CounterVoltage1)
    (add_net /Current0)
    (add_net /Current1)
    (add_net /EN0)
    (add_net /EN1)
    (add_net /FB)
    (add_net /FB_PWR)
    (add_net /FB_PWR_OUT)
    (add_net /LED0)
    (add_net /LED1)
    (add_net /LED2)
    (add_net /LED3)
    (add_net /LED4)
    (add_net /MODE)
    (add_net /MOTOR0_BATT)
    (add_net /MOTOR1_BATT)
    (add_net /Motor0_Tmp)
    (add_net /Motor1_Tmp)
    (add_net /OSC_IN)
    (add_net /OSC_OUT)
    (add_net /OUT0_L)
    (add_net /OUT0_R)
    (add_net /OUT1_L)
    (add_net /OUT1_R)
    (add_net /PA11)
    (add_net /PA15)
    (add_net /PA4)
    (add_net /PA5)
    (add_net /PA8)
    (add_net /PWM0_L)
    (add_net /PWM0_R)
    (add_net /PWM1_L)
    (add_net /PWM1_R)
    (add_net /SW0)
    (add_net /SW1)
    (add_net /SWCLK)
    (add_net /SWDIO)
    (add_net /TIM3_CH1)
    (add_net /TIM3_CH2)
    (add_net /TIM5_CH1)
    (add_net /TIM5_CH2)
    (add_net /USART1_RX)
    (add_net /USART1_TX)
    (add_net /USART2_RX)
    (add_net /USART2_TX)
    (add_net /Voltage)
    (add_net /batt)
    (add_net /~RST)
    (add_net GND)
    (add_net GNDPWR)
    (add_net "Net-(C13-Pad1)")
    (add_net "Net-(C14-Pad1)")
    (add_net "Net-(C19-Pad1)")
    (add_net "Net-(C20-Pad1)")
    (add_net "Net-(C23-Pad1)")
    (add_net "Net-(C23-Pad2)")
    (add_net "Net-(C26-Pad2)")
    (add_net "Net-(C30-Pad1)")
    (add_net "Net-(C31-Pad1)")
    (add_net "Net-(C39-Pad1)")
    (add_net "Net-(C39-Pad2)")
    (add_net "Net-(C45-Pad1)")
    (add_net "Net-(C46-Pad1)")
    (add_net "Net-(C47-Pad1)")
    (add_net "Net-(C48-Pad1)")
    (add_net "Net-(C49-Pad1)")
    (add_net "Net-(C52-Pad1)")
    (add_net "Net-(C53-Pad1)")
    (add_net "Net-(D1-Pad2)")
    (add_net "Net-(D11-Pad2)")
    (add_net "Net-(D13-Pad2)")
    (add_net "Net-(D14-Pad2)")
    (add_net "Net-(D17-Pad2)")
    (add_net "Net-(D19-Pad2)")
    (add_net "Net-(D2-Pad2)")
    (add_net "Net-(D20-Pad2)")
    (add_net "Net-(D21-Pad2)")
    (add_net "Net-(D22-Pad2)")
    (add_net "Net-(D23-Pad2)")
    (add_net "Net-(D26-Pad2)")
    (add_net "Net-(D27-Pad2)")
    (add_net "Net-(D3-Pad2)")
    (add_net "Net-(D32-Pad2)")
    (add_net "Net-(D33-Pad2)")
    (add_net "Net-(D34-Pad2)")
    (add_net "Net-(D39-Pad1)")
    (add_net "Net-(D4-Pad2)")
    (add_net "Net-(D43-Pad2)")
    (add_net "Net-(D44-Pad2)")
    (add_net "Net-(D47-Pad2)")
    (add_net "Net-(D50-Pad2)")
    (add_net "Net-(D51-Pad2)")
    (add_net "Net-(D7-Pad1)")
    (add_net "Net-(D8-Pad1)")
    (add_net "Net-(D9-Pad1)")
    (add_net "Net-(JP1-Pad1)")
    (add_net "Net-(JP2-Pad2)")
    (add_net "Net-(P1-Pad6)")
    (add_net "Net-(P11-Pad3)")
    (add_net "Net-(P11-Pad4)")
    (add_net "Net-(P13-Pad3)")
    (add_net "Net-(P13-Pad4)")
    (add_net "Net-(P7-Pad2)")
    (add_net "Net-(Q1-PadG)")
    (add_net "Net-(Q2-PadG)")
    (add_net "Net-(Q3-PadG)")
    (add_net "Net-(Q4-PadG)")
    (add_net "Net-(Q5-Pad4)")
    (add_net "Net-(Q5-PadG)")
    (add_net "Net-(Q6-Pad4)")
    (add_net "Net-(Q6-PadG)")
    (add_net "Net-(Q7-Pad4)")
    (add_net "Net-(Q7-PadG)")
    (add_net "Net-(Q8-Pad4)")
    (add_net "Net-(Q8-PadG)")
    (add_net "Net-(R1-Pad1)")
    (add_net "Net-(R11-Pad1)")
    (add_net "Net-(R12-Pad1)")
    (add_net "Net-(R13-Pad1)")
    (add_net "Net-(R17-Pad2)")
    (add_net "Net-(R18-Pad2)")
    (add_net "Net-(R30-Pad2)")
    (add_net "Net-(R31-Pad2)")
    (add_net "Net-(R35-Pad1)")
    (add_net "Net-(R40-Pad1)")
    (add_net "Net-(R53-Pad2)")
    (add_net "Net-(R54-Pad1)")
    (add_net "Net-(R54-Pad2)")
    (add_net "Net-(R55-Pad2)")
    (add_net "Net-(R56-Pad2)")
    (add_net "Net-(R57-Pad1)")
    (add_net "Net-(R60-Pad1)")
    (add_net "Net-(R63-Pad2)")
    (add_net "Net-(R64-Pad2)")
    (add_net "Net-(R65-Pad1)")
    (add_net "Net-(R65-Pad2)")
    (add_net "Net-(R66-Pad2)")
    (add_net "Net-(R67-Pad1)")
    (add_net "Net-(R9-Pad2)")
    (add_net "Net-(U12-Pad10)")
    (add_net "Net-(U12-Pad11)")
    (add_net "Net-(U12-Pad12)")
    (add_net "Net-(U12-Pad13)")
    (add_net "Net-(U12-Pad15)")
    (add_net "Net-(U12-Pad16)")
    (add_net "Net-(U12-Pad2)")
    (add_net "Net-(U12-Pad7)")
    (add_net "Net-(U14-Pad10)")
    (add_net "Net-(U14-Pad11)")
    (add_net "Net-(U14-Pad12)")
    (add_net "Net-(U14-Pad13)")
    (add_net "Net-(U14-Pad15)")
    (add_net "Net-(U14-Pad16)")
    (add_net "Net-(U14-Pad2)")
    (add_net "Net-(U14-Pad7)")
    (add_net "Net-(U3-Pad25)")
    (add_net "Net-(U3-Pad30)")
    (add_net "Net-(U3-Pad40)")
    (add_net "Net-(U3-Pad45)")
    (add_net "Net-(U3-Pad51)")
    (add_net "Net-(U3-Pad52)")
    (add_net "Net-(U3-Pad53)")
    (add_net "Net-(U3-Pad54)")
    (add_net "Net-(U3-Pad55)")
    (add_net "Net-(U3-Pad59)")
    (add_net "Net-(U4-Pad12)")
    (add_net "Net-(U4-Pad13)")
    (add_net "Net-(U4-Pad2)")
    (add_net "Net-(U4-Pad7)")
    (add_net "Net-(U5-Pad11)")
    (add_net "Net-(U5-Pad14)")
    (add_net "Net-(U5-Pad15)")
    (add_net "Net-(U5-Pad6)")
    (add_net "Net-(U8-Pad12)")
    (add_net "Net-(U8-Pad13)")
    (add_net "Net-(U8-Pad2)")
    (add_net "Net-(U8-Pad7)")
  )

  (module Diode_SMD:D_SOD-123 (layer B.Cu) (tedit 58645DC7) (tstamp 5D83246D)
    (at 85.5 117.95 180)
    (descr SOD-123)
    (tags SOD-123)
    (path /5E18DCC2)
    (attr smd)
    (fp_text reference D5 (at 0 2 180) (layer B.SilkS) hide
      (effects (font (size 1 1) (thickness 0.15)) (justify mirror))
    )
    (fp_text value DIODE (at 0 -2.1 180) (layer B.Fab)
      (effects (font (size 1 1) (thickness 0.15)) (justify mirror))
    )
    (fp_text user %R (at 0 2 180) (layer B.Fab)
      (effects (font (size 1 1) (thickness 0.15)) (justify mirror))
    )
    (fp_line (start -2.25 1) (end -2.25 -1) (layer B.SilkS) (width 0.12))
    (fp_line (start 0.25 0) (end 0.75 0) (layer B.Fab) (width 0.1))
    (fp_line (start 0.25 -0.4) (end -0.35 0) (layer B.Fab) (width 0.1))
    (fp_line (start 0.25 0.4) (end 0.25 -0.4) (layer B.Fab) (width 0.1))
    (fp_line (start -0.35 0) (end 0.25 0.4) (layer B.Fab) (width 0.1))
    (fp_line (start -0.35 0) (end -0.35 -0.55) (layer B.Fab) (width 0.1))
    (fp_line (start -0.35 0) (end -0.35 0.55) (layer B.Fab) (width 0.1))
    (fp_line (start -0.75 0) (end -0.35 0) (layer B.Fab) (width 0.1))
    (fp_line (start -1.4 -0.9) (end -1.4 0.9) (layer B.Fab) (width 0.1))
    (fp_line (start 1.4 -0.9) (end -1.4 -0.9) (layer B.Fab) (width 0.1))
    (fp_line (start 1.4 0.9) (end 1.4 -0.9) (layer B.Fab) (width 0.1))
    (fp_line (start -1.4 0.9) (end 1.4 0.9) (layer B.Fab) (width 0.1))
    (fp_line (start -2.35 1.15) (end 2.35 1.15) (layer B.CrtYd) (width 0.05))
    (fp_line (start 2.35 1.15) (end 2.35 -1.15) (layer B.CrtYd) (width 0.05))
    (fp_line (start 2.35 -1.15) (end -2.35 -1.15) (layer B.CrtYd) (width 0.05))
    (fp_line (start -2.35 1.15) (end -2.35 -1.15) (layer B.CrtYd) (width 0.05))
    (fp_line (start -2.25 -1) (end 1.65 -1) (layer B.SilkS) (width 0.12))
    (fp_line (start -2.25 1) (end 1.65 1) (layer B.SilkS) (width 0.12))
    (pad 1 smd rect (at -1.65 0 180) (size 0.9 1.2) (layers B.Cu B.Paste B.Mask)
      (net 27 +12V))
    (pad 2 smd rect (at 1.65 0 180) (size 0.9 1.2) (layers B.Cu B.Paste B.Mask)
      (net 6 /CAN_Vdd))
    (model ${KISYS3DMOD}/Diode_SMD.3dshapes/D_SOD-123.wrl
      (at (xyz 0 0 0))
      (scale (xyz 1 1 1))
      (rotate (xyz 0 0 0))
    )
  )

  (module Resistor_SMD:R_0603_1608Metric (layer B.Cu) (tedit 5B301BBD) (tstamp 5D7BEB9F)
    (at 78.65 127.85 180)
    (descr "Resistor SMD 0603 (1608 Metric), square (rectangular) end terminal, IPC_7351 nominal, (Body size source: http://www.tortai-tech.com/upload/download/2011102023233369053.pdf), generated with kicad-footprint-generator")
    (tags resistor)
    (path /5E19709D)
    (attr smd)
    (fp_text reference R3 (at 0 1.43) (layer B.SilkS) hide
      (effects (font (size 1 1) (thickness 0.15)) (justify mirror))
    )
    (fp_text value 120 (at 0 1.25) (layer B.SilkS)
      (effects (font (size 1 1) (thickness 0.15)) (justify mirror))
    )
    (fp_line (start -0.8 -0.4) (end -0.8 0.4) (layer B.Fab) (width 0.1))
    (fp_line (start -0.8 0.4) (end 0.8 0.4) (layer B.Fab) (width 0.1))
    (fp_line (start 0.8 0.4) (end 0.8 -0.4) (layer B.Fab) (width 0.1))
    (fp_line (start 0.8 -0.4) (end -0.8 -0.4) (layer B.Fab) (width 0.1))
    (fp_line (start -0.162779 0.51) (end 0.162779 0.51) (layer B.SilkS) (width 0.12))
    (fp_line (start -0.162779 -0.51) (end 0.162779 -0.51) (layer B.SilkS) (width 0.12))
    (fp_line (start -1.48 -0.73) (end -1.48 0.73) (layer B.CrtYd) (width 0.05))
    (fp_line (start -1.48 0.73) (end 1.48 0.73) (layer B.CrtYd) (width 0.05))
    (fp_line (start 1.48 0.73) (end 1.48 -0.73) (layer B.CrtYd) (width 0.05))
    (fp_line (start 1.48 -0.73) (end -1.48 -0.73) (layer B.CrtYd) (width 0.05))
    (fp_text user %R (at 0 0) (layer B.Fab)
      (effects (font (size 0.4 0.4) (thickness 0.06)) (justify mirror))
    )
    (pad 1 smd roundrect (at -0.7875 0 180) (size 0.875 0.95) (layers B.Cu B.Paste B.Mask) (roundrect_rratio 0.25)
      (net 44 /CAN_L))
    (pad 2 smd roundrect (at 0.7875 0 180) (size 0.875 0.95) (layers B.Cu B.Paste B.Mask) (roundrect_rratio 0.25)
      (net 40 "Net-(JP2-Pad2)"))
    (model ${KISYS3DMOD}/Resistor_SMD.3dshapes/R_0603_1608Metric.wrl
      (at (xyz 0 0 0))
      (scale (xyz 1 1 1))
      (rotate (xyz 0 0 0))
    )
  )

  (module Resistor_SMD:R_0603_1608Metric (layer F.Cu) (tedit 5B301BBD) (tstamp 5DE25297)
    (at 183.205001 14.665001)
    (descr "Resistor SMD 0603 (1608 Metric), square (rectangular) end terminal, IPC_7351 nominal, (Body size source: http://www.tortai-tech.com/upload/download/2011102023233369053.pdf), generated with kicad-footprint-generator")
    (tags resistor)
    (path /5DE7F7E1)
    (attr smd)
    (fp_text reference R67 (at 0 -1.43) (layer F.SilkS)
      (effects (font (size 1 1) (thickness 0.15)))
    )
    (fp_text value 10k (at 0 1.43) (layer F.Fab)
      (effects (font (size 1 1) (thickness 0.15)))
    )
    (fp_line (start -0.8 0.4) (end -0.8 -0.4) (layer F.Fab) (width 0.1))
    (fp_line (start -0.8 -0.4) (end 0.8 -0.4) (layer F.Fab) (width 0.1))
    (fp_line (start 0.8 -0.4) (end 0.8 0.4) (layer F.Fab) (width 0.1))
    (fp_line (start 0.8 0.4) (end -0.8 0.4) (layer F.Fab) (width 0.1))
    (fp_line (start -0.162779 -0.51) (end 0.162779 -0.51) (layer F.SilkS) (width 0.12))
    (fp_line (start -0.162779 0.51) (end 0.162779 0.51) (layer F.SilkS) (width 0.12))
    (fp_line (start -1.48 0.73) (end -1.48 -0.73) (layer F.CrtYd) (width 0.05))
    (fp_line (start -1.48 -0.73) (end 1.48 -0.73) (layer F.CrtYd) (width 0.05))
    (fp_line (start 1.48 -0.73) (end 1.48 0.73) (layer F.CrtYd) (width 0.05))
    (fp_line (start 1.48 0.73) (end -1.48 0.73) (layer F.CrtYd) (width 0.05))
    (fp_text user %R (at 0 0) (layer F.Fab)
      (effects (font (size 0.4 0.4) (thickness 0.06)))
    )
    (pad 1 smd roundrect (at -0.7875 0) (size 0.875 0.95) (layers F.Cu F.Paste F.Mask) (roundrect_rratio 0.25)
      (net 192 /Motor0_Tmp))
    (pad 2 smd roundrect (at 0.7875 0) (size 0.875 0.95) (layers F.Cu F.Paste F.Mask) (roundrect_rratio 0.25)
      (net 2 GND))
    (model ${KISYS3DMOD}/Resistor_SMD.3dshapes/R_0603_1608Metric.wrl
      (at (xyz 0 0 0))
      (scale (xyz 1 1 1))
      (rotate (xyz 0 0 0))
    )
  )

  (module Capacitor_SMD:C_0603_1608Metric (layer F.Cu) (tedit 5B301BBE) (tstamp 5DE25015)
    (at 183.205001 12.155001)
    (descr "Capacitor SMD 0603 (1608 Metric), square (rectangular) end terminal, IPC_7351 nominal, (Body size source: http://www.tortai-tech.com/upload/download/2011102023233369053.pdf), generated with kicad-footprint-generator")
    (tags capacitor)
    (path /5DF91B97)
    (attr smd)
    (fp_text reference C47 (at 0 -1.43) (layer F.SilkS)
      (effects (font (size 1 1) (thickness 0.15)))
    )
    (fp_text value 470n (at 0 1.43) (layer F.Fab)
      (effects (font (size 1 1) (thickness 0.15)))
    )
    (fp_line (start -0.8 0.4) (end -0.8 -0.4) (layer F.Fab) (width 0.1))
    (fp_line (start -0.8 -0.4) (end 0.8 -0.4) (layer F.Fab) (width 0.1))
    (fp_line (start 0.8 -0.4) (end 0.8 0.4) (layer F.Fab) (width 0.1))
    (fp_line (start 0.8 0.4) (end -0.8 0.4) (layer F.Fab) (width 0.1))
    (fp_line (start -0.162779 -0.51) (end 0.162779 -0.51) (layer F.SilkS) (width 0.12))
    (fp_line (start -0.162779 0.51) (end 0.162779 0.51) (layer F.SilkS) (width 0.12))
    (fp_line (start -1.48 0.73) (end -1.48 -0.73) (layer F.CrtYd) (width 0.05))
    (fp_line (start -1.48 -0.73) (end 1.48 -0.73) (layer F.CrtYd) (width 0.05))
    (fp_line (start 1.48 -0.73) (end 1.48 0.73) (layer F.CrtYd) (width 0.05))
    (fp_line (start 1.48 0.73) (end -1.48 0.73) (layer F.CrtYd) (width 0.05))
    (fp_text user %R (at 0 0) (layer F.Fab)
      (effects (font (size 0.4 0.4) (thickness 0.06)))
    )
    (pad 1 smd roundrect (at -0.7875 0) (size 0.875 0.95) (layers F.Cu F.Paste F.Mask) (roundrect_rratio 0.25)
      (net 112 /Current1))
    (pad 2 smd roundrect (at 0.7875 0) (size 0.875 0.95) (layers F.Cu F.Paste F.Mask) (roundrect_rratio 0.25)
      (net 2 GND))
    (model ${KISYS3DMOD}/Capacitor_SMD.3dshapes/C_0603_1608Metric.wrl
      (at (xyz 0 0 0))
      (scale (xyz 1 1 1))
      (rotate (xyz 0 0 0))
    )
  )

  (module Resistor_SMD:R_0603_1608Metric (layer F.Cu) (tedit 5B301BBD) (tstamp 5DE252A8)
    (at 183.205001 17.175001)
    (descr "Resistor SMD 0603 (1608 Metric), square (rectangular) end terminal, IPC_7351 nominal, (Body size source: http://www.tortai-tech.com/upload/download/2011102023233369053.pdf), generated with kicad-footprint-generator")
    (tags resistor)
    (path /5DECDF6B)
    (attr smd)
    (fp_text reference R68 (at 0 -1.43) (layer F.SilkS)
      (effects (font (size 1 1) (thickness 0.15)))
    )
    (fp_text value 10k (at 0 1.43) (layer F.Fab)
      (effects (font (size 1 1) (thickness 0.15)))
    )
    (fp_text user %R (at 0 0) (layer F.Fab)
      (effects (font (size 0.4 0.4) (thickness 0.06)))
    )
    (fp_line (start 1.48 0.73) (end -1.48 0.73) (layer F.CrtYd) (width 0.05))
    (fp_line (start 1.48 -0.73) (end 1.48 0.73) (layer F.CrtYd) (width 0.05))
    (fp_line (start -1.48 -0.73) (end 1.48 -0.73) (layer F.CrtYd) (width 0.05))
    (fp_line (start -1.48 0.73) (end -1.48 -0.73) (layer F.CrtYd) (width 0.05))
    (fp_line (start -0.162779 0.51) (end 0.162779 0.51) (layer F.SilkS) (width 0.12))
    (fp_line (start -0.162779 -0.51) (end 0.162779 -0.51) (layer F.SilkS) (width 0.12))
    (fp_line (start 0.8 0.4) (end -0.8 0.4) (layer F.Fab) (width 0.1))
    (fp_line (start 0.8 -0.4) (end 0.8 0.4) (layer F.Fab) (width 0.1))
    (fp_line (start -0.8 -0.4) (end 0.8 -0.4) (layer F.Fab) (width 0.1))
    (fp_line (start -0.8 0.4) (end -0.8 -0.4) (layer F.Fab) (width 0.1))
    (pad 2 smd roundrect (at 0.7875 0) (size 0.875 0.95) (layers F.Cu F.Paste F.Mask) (roundrect_rratio 0.25)
      (net 2 GND))
    (pad 1 smd roundrect (at -0.7875 0) (size 0.875 0.95) (layers F.Cu F.Paste F.Mask) (roundrect_rratio 0.25)
      (net 193 /Motor1_Tmp))
    (model ${KISYS3DMOD}/Resistor_SMD.3dshapes/R_0603_1608Metric.wrl
      (at (xyz 0 0 0))
      (scale (xyz 1 1 1))
      (rotate (xyz 0 0 0))
    )
  )

  (module Capacitor_SMD:C_0603_1608Metric (layer F.Cu) (tedit 5B301BBE) (tstamp 5DE252CA)
    (at 183.205001 19.685001)
    (descr "Capacitor SMD 0603 (1608 Metric), square (rectangular) end terminal, IPC_7351 nominal, (Body size source: http://www.tortai-tech.com/upload/download/2011102023233369053.pdf), generated with kicad-footprint-generator")
    (tags capacitor)
    (path /5DECDF57)
    (attr smd)
    (fp_text reference TH2 (at 0 -1.43) (layer F.SilkS)
      (effects (font (size 1 1) (thickness 0.15)))
    )
    (fp_text value Thermistor (at 0 1.43) (layer F.Fab)
      (effects (font (size 1 1) (thickness 0.15)))
    )
    (fp_text user %R (at 0 0) (layer F.Fab)
      (effects (font (size 0.4 0.4) (thickness 0.06)))
    )
    (fp_line (start 1.48 0.73) (end -1.48 0.73) (layer F.CrtYd) (width 0.05))
    (fp_line (start 1.48 -0.73) (end 1.48 0.73) (layer F.CrtYd) (width 0.05))
    (fp_line (start -1.48 -0.73) (end 1.48 -0.73) (layer F.CrtYd) (width 0.05))
    (fp_line (start -1.48 0.73) (end -1.48 -0.73) (layer F.CrtYd) (width 0.05))
    (fp_line (start -0.162779 0.51) (end 0.162779 0.51) (layer F.SilkS) (width 0.12))
    (fp_line (start -0.162779 -0.51) (end 0.162779 -0.51) (layer F.SilkS) (width 0.12))
    (fp_line (start 0.8 0.4) (end -0.8 0.4) (layer F.Fab) (width 0.1))
    (fp_line (start 0.8 -0.4) (end 0.8 0.4) (layer F.Fab) (width 0.1))
    (fp_line (start -0.8 -0.4) (end 0.8 -0.4) (layer F.Fab) (width 0.1))
    (fp_line (start -0.8 0.4) (end -0.8 -0.4) (layer F.Fab) (width 0.1))
    (pad 2 smd roundrect (at 0.7875 0) (size 0.875 0.95) (layers F.Cu F.Paste F.Mask) (roundrect_rratio 0.25)
      (net 193 /Motor1_Tmp))
    (pad 1 smd roundrect (at -0.7875 0) (size 0.875 0.95) (layers F.Cu F.Paste F.Mask) (roundrect_rratio 0.25)
      (net 5 +3V3))
    (model ${KISYS3DMOD}/Capacitor_SMD.3dshapes/C_0603_1608Metric.wrl
      (at (xyz 0 0 0))
      (scale (xyz 1 1 1))
      (rotate (xyz 0 0 0))
    )
  )

  (module Resistor_SMD:R_0603_1608Metric (layer F.Cu) (tedit 5B301BBD) (tstamp 5DE25286)
    (at 187.215001 12.155001)
    (descr "Resistor SMD 0603 (1608 Metric), square (rectangular) end terminal, IPC_7351 nominal, (Body size source: http://www.tortai-tech.com/upload/download/2011102023233369053.pdf), generated with kicad-footprint-generator")
    (tags resistor)
    (path /5DF91B8D)
    (attr smd)
    (fp_text reference R57 (at 0 -1.43) (layer F.SilkS)
      (effects (font (size 1 1) (thickness 0.15)))
    )
    (fp_text value 4.7k (at 0 1.43) (layer F.Fab)
      (effects (font (size 1 1) (thickness 0.15)))
    )
    (fp_line (start -0.8 0.4) (end -0.8 -0.4) (layer F.Fab) (width 0.1))
    (fp_line (start -0.8 -0.4) (end 0.8 -0.4) (layer F.Fab) (width 0.1))
    (fp_line (start 0.8 -0.4) (end 0.8 0.4) (layer F.Fab) (width 0.1))
    (fp_line (start 0.8 0.4) (end -0.8 0.4) (layer F.Fab) (width 0.1))
    (fp_line (start -0.162779 -0.51) (end 0.162779 -0.51) (layer F.SilkS) (width 0.12))
    (fp_line (start -0.162779 0.51) (end 0.162779 0.51) (layer F.SilkS) (width 0.12))
    (fp_line (start -1.48 0.73) (end -1.48 -0.73) (layer F.CrtYd) (width 0.05))
    (fp_line (start -1.48 -0.73) (end 1.48 -0.73) (layer F.CrtYd) (width 0.05))
    (fp_line (start 1.48 -0.73) (end 1.48 0.73) (layer F.CrtYd) (width 0.05))
    (fp_line (start 1.48 0.73) (end -1.48 0.73) (layer F.CrtYd) (width 0.05))
    (fp_text user %R (at 0 0) (layer F.Fab)
      (effects (font (size 0.4 0.4) (thickness 0.06)))
    )
    (pad 1 smd roundrect (at -0.7875 0) (size 0.875 0.95) (layers F.Cu F.Paste F.Mask) (roundrect_rratio 0.25)
      (net 143 "Net-(R57-Pad1)"))
    (pad 2 smd roundrect (at 0.7875 0) (size 0.875 0.95) (layers F.Cu F.Paste F.Mask) (roundrect_rratio 0.25)
      (net 112 /Current1))
    (model ${KISYS3DMOD}/Resistor_SMD.3dshapes/R_0603_1608Metric.wrl
      (at (xyz 0 0 0))
      (scale (xyz 1 1 1))
      (rotate (xyz 0 0 0))
    )
  )

  (module Mizz_lib:ACS785xCB (layer F.Cu) (tedit 5DE1C9F9) (tstamp 5DE252EF)
    (at 152.7 34.55)
    (path /5DF097BE)
    (fp_text reference U10 (at 0 -12) (layer F.SilkS) hide
      (effects (font (size 1 1) (thickness 0.15)))
    )
    (fp_text value ACS758 (at 0 -13.5) (layer F.SilkS)
      (effects (font (size 1 1) (thickness 0.15)))
    )
    (fp_line (start -4.5 -3.5) (end -4.5 -15.5) (layer F.SilkS) (width 0.1))
    (fp_line (start 4.5 -3.5) (end -4.5 -3.5) (layer F.SilkS) (width 0.1))
    (fp_line (start -4.5 -3.5) (end -5 -3) (layer F.SilkS) (width 0.1))
    (fp_line (start 4.5 -15.5) (end 4.5 -3.5) (layer F.SilkS) (width 0.1))
    (fp_line (start 4.5 -3.5) (end 5 -3) (layer F.SilkS) (width 0.1))
    (fp_line (start 4.5 -15.5) (end 5 -16) (layer F.SilkS) (width 0.1))
    (fp_line (start -4.5 -15.5) (end 4.5 -15.5) (layer F.SilkS) (width 0.1))
    (fp_line (start -5 -16) (end -4.5 -15.5) (layer F.SilkS) (width 0.1))
    (fp_line (start 7 -8.5) (end 7 -19.5) (layer F.SilkS) (width 0.1))
    (fp_line (start 6.5 -7.5) (end 5 -7.5) (layer F.SilkS) (width 0.1))
    (fp_line (start 6.5 -7.5) (end 7 -8.5) (layer F.SilkS) (width 0.1))
    (fp_line (start -7 -8.5) (end -7 -19.5) (layer F.SilkS) (width 0.1))
    (fp_line (start -6.5 -7.5) (end -5 -7.5) (layer F.SilkS) (width 0.1))
    (fp_line (start -7 -8.5) (end -6.5 -7.5) (layer F.SilkS) (width 0.1))
    (fp_circle (center -3.5 -4.5) (end -3 -4.5) (layer F.SilkS) (width 0.1))
    (fp_circle (center 0 -9.5) (end 0 -11) (layer F.SilkS) (width 0.1))
    (fp_line (start 2.2 -3) (end 2.2 -0.8) (layer F.SilkS) (width 0.1))
    (fp_line (start 1.8 -3) (end 1.8 -0.8) (layer F.SilkS) (width 0.1))
    (fp_line (start -1.8 -3) (end -1.8 -0.8) (layer F.SilkS) (width 0.1))
    (fp_line (start -2.2 -3) (end -2.2 -0.8) (layer F.SilkS) (width 0.1))
    (fp_line (start 0.2 -3) (end 0.2 -0.8) (layer F.SilkS) (width 0.1))
    (fp_line (start -0.2 -3) (end -0.2 -0.8) (layer F.SilkS) (width 0.1))
    (fp_line (start 3 -19.5) (end 3 -16) (layer F.SilkS) (width 0.1))
    (fp_line (start -3 -19.5) (end -3 -16) (layer F.SilkS) (width 0.1))
    (fp_line (start 5 -3) (end -5 -3) (layer F.SilkS) (width 0.1))
    (fp_line (start -5 -16) (end 5 -16) (layer F.SilkS) (width 0.1))
    (fp_line (start -5 -16) (end -5 -3) (layer F.SilkS) (width 0.1))
    (fp_line (start 5 -16) (end 5 -3) (layer F.SilkS) (width 0.1))
    (pad 1 thru_hole circle (at -1.91 0) (size 1.524 1.524) (drill 0.762) (layers *.Cu *.Mask)
      (net 5 +3V3))
    (pad 2 thru_hole circle (at 0 0) (size 1.524 1.524) (drill 0.762) (layers *.Cu *.Mask)
      (net 2 GND))
    (pad 3 thru_hole circle (at 1.91 0) (size 1.524 1.524) (drill 0.762) (layers *.Cu *.Mask)
      (net 144 "Net-(R60-Pad1)"))
    (pad 4 thru_hole oval (at 5 -21.4) (size 8 3.5) (drill oval 5.6 1.6) (layers *.Cu *.Mask)
      (net 22 +BATT))
    (pad 5 thru_hole oval (at -5 -21.4) (size 8 3.5) (drill oval 5.6 1.6) (layers *.Cu *.Mask)
      (net 120 /MOTOR0_BATT))
    (model user/ACS758.wrl
      (offset (xyz 0 9.651999855041504 0))
      (scale (xyz 3.95 3.95 3.95))
      (rotate (xyz 0 0 90))
    )
  )

  (module Mizz_lib:ACS785xCB (layer F.Cu) (tedit 5DE1C9F9) (tstamp 5DE25314)
    (at 171.7 34.55)
    (path /5DF91BB9)
    (fp_text reference U13 (at 0 -12) (layer F.SilkS) hide
      (effects (font (size 1 1) (thickness 0.15)))
    )
    (fp_text value ACS758 (at 0 -13.5) (layer F.SilkS)
      (effects (font (size 1 1) (thickness 0.15)))
    )
    (fp_line (start 5 -16) (end 5 -3) (layer F.SilkS) (width 0.1))
    (fp_line (start -5 -16) (end -5 -3) (layer F.SilkS) (width 0.1))
    (fp_line (start -5 -16) (end 5 -16) (layer F.SilkS) (width 0.1))
    (fp_line (start 5 -3) (end -5 -3) (layer F.SilkS) (width 0.1))
    (fp_line (start -3 -19.5) (end -3 -16) (layer F.SilkS) (width 0.1))
    (fp_line (start 3 -19.5) (end 3 -16) (layer F.SilkS) (width 0.1))
    (fp_line (start -0.2 -3) (end -0.2 -0.8) (layer F.SilkS) (width 0.1))
    (fp_line (start 0.2 -3) (end 0.2 -0.8) (layer F.SilkS) (width 0.1))
    (fp_line (start -2.2 -3) (end -2.2 -0.8) (layer F.SilkS) (width 0.1))
    (fp_line (start -1.8 -3) (end -1.8 -0.8) (layer F.SilkS) (width 0.1))
    (fp_line (start 1.8 -3) (end 1.8 -0.8) (layer F.SilkS) (width 0.1))
    (fp_line (start 2.2 -3) (end 2.2 -0.8) (layer F.SilkS) (width 0.1))
    (fp_circle (center 0 -9.5) (end 0 -11) (layer F.SilkS) (width 0.1))
    (fp_circle (center -3.5 -4.5) (end -3 -4.5) (layer F.SilkS) (width 0.1))
    (fp_line (start -7 -8.5) (end -6.5 -7.5) (layer F.SilkS) (width 0.1))
    (fp_line (start -6.5 -7.5) (end -5 -7.5) (layer F.SilkS) (width 0.1))
    (fp_line (start -7 -8.5) (end -7 -19.5) (layer F.SilkS) (width 0.1))
    (fp_line (start 6.5 -7.5) (end 7 -8.5) (layer F.SilkS) (width 0.1))
    (fp_line (start 6.5 -7.5) (end 5 -7.5) (layer F.SilkS) (width 0.1))
    (fp_line (start 7 -8.5) (end 7 -19.5) (layer F.SilkS) (width 0.1))
    (fp_line (start -5 -16) (end -4.5 -15.5) (layer F.SilkS) (width 0.1))
    (fp_line (start -4.5 -15.5) (end 4.5 -15.5) (layer F.SilkS) (width 0.1))
    (fp_line (start 4.5 -15.5) (end 5 -16) (layer F.SilkS) (width 0.1))
    (fp_line (start 4.5 -3.5) (end 5 -3) (layer F.SilkS) (width 0.1))
    (fp_line (start 4.5 -15.5) (end 4.5 -3.5) (layer F.SilkS) (width 0.1))
    (fp_line (start -4.5 -3.5) (end -5 -3) (layer F.SilkS) (width 0.1))
    (fp_line (start 4.5 -3.5) (end -4.5 -3.5) (layer F.SilkS) (width 0.1))
    (fp_line (start -4.5 -3.5) (end -4.5 -15.5) (layer F.SilkS) (width 0.1))
    (pad 5 thru_hole oval (at -5 -21.4) (size 8 3.5) (drill oval 5.6 1.6) (layers *.Cu *.Mask)
      (net 127 /MOTOR1_BATT))
    (pad 4 thru_hole oval (at 5 -21.4) (size 8 3.5) (drill oval 5.6 1.6) (layers *.Cu *.Mask)
      (net 22 +BATT))
    (pad 3 thru_hole circle (at 1.91 0) (size 1.524 1.524) (drill 0.762) (layers *.Cu *.Mask)
      (net 143 "Net-(R57-Pad1)"))
    (pad 2 thru_hole circle (at 0 0) (size 1.524 1.524) (drill 0.762) (layers *.Cu *.Mask)
      (net 2 GND))
    (pad 1 thru_hole circle (at -1.91 0) (size 1.524 1.524) (drill 0.762) (layers *.Cu *.Mask)
      (net 5 +3V3))
    (model user/ACS758.wrl
      (offset (xyz 0 9.651999855041504 0))
      (scale (xyz 3.95 3.95 3.95))
      (rotate (xyz 0 0 90))
    )
  )

  (module Capacitor_SMD:C_0603_1608Metric (layer F.Cu) (tedit 5B301BBE) (tstamp 5DE252B9)
    (at 187.215001 14.665001)
    (descr "Capacitor SMD 0603 (1608 Metric), square (rectangular) end terminal, IPC_7351 nominal, (Body size source: http://www.tortai-tech.com/upload/download/2011102023233369053.pdf), generated with kicad-footprint-generator")
    (tags capacitor)
    (path /5DE7D3FA)
    (attr smd)
    (fp_text reference TH1 (at 0 -1.43) (layer F.SilkS)
      (effects (font (size 1 1) (thickness 0.15)))
    )
    (fp_text value Thermistor (at 0 1.43) (layer F.Fab)
      (effects (font (size 1 1) (thickness 0.15)))
    )
    (fp_line (start -0.8 0.4) (end -0.8 -0.4) (layer F.Fab) (width 0.1))
    (fp_line (start -0.8 -0.4) (end 0.8 -0.4) (layer F.Fab) (width 0.1))
    (fp_line (start 0.8 -0.4) (end 0.8 0.4) (layer F.Fab) (width 0.1))
    (fp_line (start 0.8 0.4) (end -0.8 0.4) (layer F.Fab) (width 0.1))
    (fp_line (start -0.162779 -0.51) (end 0.162779 -0.51) (layer F.SilkS) (width 0.12))
    (fp_line (start -0.162779 0.51) (end 0.162779 0.51) (layer F.SilkS) (width 0.12))
    (fp_line (start -1.48 0.73) (end -1.48 -0.73) (layer F.CrtYd) (width 0.05))
    (fp_line (start -1.48 -0.73) (end 1.48 -0.73) (layer F.CrtYd) (width 0.05))
    (fp_line (start 1.48 -0.73) (end 1.48 0.73) (layer F.CrtYd) (width 0.05))
    (fp_line (start 1.48 0.73) (end -1.48 0.73) (layer F.CrtYd) (width 0.05))
    (fp_text user %R (at 0 0) (layer F.Fab)
      (effects (font (size 0.4 0.4) (thickness 0.06)))
    )
    (pad 1 smd roundrect (at -0.7875 0) (size 0.875 0.95) (layers F.Cu F.Paste F.Mask) (roundrect_rratio 0.25)
      (net 5 +3V3))
    (pad 2 smd roundrect (at 0.7875 0) (size 0.875 0.95) (layers F.Cu F.Paste F.Mask) (roundrect_rratio 0.25)
      (net 192 /Motor0_Tmp))
    (model ${KISYS3DMOD}/Capacitor_SMD.3dshapes/C_0603_1608Metric.wrl
      (at (xyz 0 0 0))
      (scale (xyz 1 1 1))
      (rotate (xyz 0 0 0))
    )
  )

  (module Mizz_lib:XT60_F (layer F.Cu) (tedit 5D00BA1D) (tstamp 5D8A7139)
    (at 119.5 67.1)
    (path /5E21F3C0)
    (fp_text reference P10 (at 0 3) (layer F.Fab)
      (effects (font (size 1 1) (thickness 0.15)))
    )
    (fp_text value OUT_1 (at 0 -5.75 unlocked) (layer F.SilkS)
      (effects (font (size 2 2) (thickness 0.5)))
    )
    (fp_line (start 8 -4) (end 8 4) (layer F.SilkS) (width 0.15))
    (fp_line (start -8 -1.5) (end -8 1.5) (layer F.SilkS) (width 0.15))
    (fp_line (start -5 -4) (end 8 -4) (layer F.SilkS) (width 0.15))
    (fp_line (start -8 -1.5) (end -5 -4) (layer F.SilkS) (width 0.15))
    (fp_line (start -5 4) (end 8 4) (layer F.SilkS) (width 0.15))
    (fp_line (start -8 1.5) (end -5 4) (layer F.SilkS) (width 0.15))
    (pad 2 thru_hole circle (at 3.5 0) (size 6.5 6.5) (drill 4.5) (layers *.Cu *.Mask F.SilkS)
      (net 114 /OUT1_R))
    (pad 1 thru_hole circle (at -3.5 0) (size 6.5 6.5) (drill 4.5) (layers *.Cu *.Mask F.SilkS)
      (net 110 /OUT1_L))
    (model "C:/Users/81906/Documents/Ki-Cad_Lib/3Dmodel/XT60_f/XT60 Buchse.stp"
      (at (xyz 0 0 0))
      (scale (xyz 1 1 1))
      (rotate (xyz 0 0 0))
    )
  )

  (module Resistor_SMD:R_0603_1608Metric (layer B.Cu) (tedit 5B301BBD) (tstamp 5D89DA34)
    (at 97.5 126.8 270)
    (descr "Resistor SMD 0603 (1608 Metric), square (rectangular) end terminal, IPC_7351 nominal, (Body size source: http://www.tortai-tech.com/upload/download/2011102023233369053.pdf), generated with kicad-footprint-generator")
    (tags resistor)
    (path /5DD2B27E)
    (attr smd)
    (fp_text reference R24 (at 0 1.43 90) (layer B.SilkS) hide
      (effects (font (size 1 1) (thickness 0.15)) (justify mirror))
    )
    (fp_text value 1k (at -2.1 0 90) (layer B.SilkS)
      (effects (font (size 0.8 0.8) (thickness 0.15)) (justify mirror))
    )
    (fp_line (start -0.8 -0.4) (end -0.8 0.4) (layer B.Fab) (width 0.1))
    (fp_line (start -0.8 0.4) (end 0.8 0.4) (layer B.Fab) (width 0.1))
    (fp_line (start 0.8 0.4) (end 0.8 -0.4) (layer B.Fab) (width 0.1))
    (fp_line (start 0.8 -0.4) (end -0.8 -0.4) (layer B.Fab) (width 0.1))
    (fp_line (start -0.162779 0.51) (end 0.162779 0.51) (layer B.SilkS) (width 0.12))
    (fp_line (start -0.162779 -0.51) (end 0.162779 -0.51) (layer B.SilkS) (width 0.12))
    (fp_line (start -1.48 -0.73) (end -1.48 0.73) (layer B.CrtYd) (width 0.05))
    (fp_line (start -1.48 0.73) (end 1.48 0.73) (layer B.CrtYd) (width 0.05))
    (fp_line (start 1.48 0.73) (end 1.48 -0.73) (layer B.CrtYd) (width 0.05))
    (fp_line (start 1.48 -0.73) (end -1.48 -0.73) (layer B.CrtYd) (width 0.05))
    (fp_text user %R (at 0 0 90) (layer B.Fab)
      (effects (font (size 0.4 0.4) (thickness 0.06)) (justify mirror))
    )
    (pad 1 smd roundrect (at -0.7875 0 270) (size 0.875 0.95) (layers B.Cu B.Paste B.Mask) (roundrect_rratio 0.25)
      (net 5 +3V3))
    (pad 2 smd roundrect (at 0.7875 0 270) (size 0.875 0.95) (layers B.Cu B.Paste B.Mask) (roundrect_rratio 0.25)
      (net 131 "Net-(P13-Pad3)"))
    (model ${KISYS3DMOD}/Resistor_SMD.3dshapes/R_0603_1608Metric.wrl
      (at (xyz 0 0 0))
      (scale (xyz 1 1 1))
      (rotate (xyz 0 0 0))
    )
  )

  (module Mizz_lib:Crystal_SMD_5032_2Pads (layer F.Cu) (tedit 5D11F91C) (tstamp 5D8FA4AD)
    (at 97.5 114.4 315)
    (descr "Ceramic SMD crystal, 5.0x3.2mm, 2 Pads")
    (tags "crystal oscillator quartz SMD SMT 5032")
    (path /5E0F254C)
    (attr smd)
    (fp_text reference Y1 (at 0 -2.8 135) (layer F.SilkS) hide
      (effects (font (size 1 1) (thickness 0.15)))
    )
    (fp_text value 8MHz (at 0 0 45) (layer F.SilkS)
      (effects (font (size 0.8 0.8) (thickness 0.15)))
    )
    (fp_line (start 3.6 2.2) (end 3.6 -2.2) (layer F.CrtYd) (width 0.05))
    (fp_line (start -3.6 2.2) (end 3.6 2.2) (layer F.CrtYd) (width 0.05))
    (fp_line (start -3.6 -2.2) (end -3.6 2.2) (layer F.CrtYd) (width 0.05))
    (fp_line (start 3.6 -2.2) (end -3.6 -2.2) (layer F.CrtYd) (width 0.05))
    (fp_line (start 2.6 1.7) (end -1.7 1.7) (layer F.SilkS) (width 0.15))
    (fp_line (start -2.65 -1.7) (end 2.6 -1.7) (layer F.SilkS) (width 0.15))
    (pad 1 smd rect (at -2.05 0 315) (size 2 2.4) (layers F.Cu F.Paste F.Mask)
      (net 1 /OSC_IN))
    (pad 2 smd rect (at 2.05 0 315) (size 2 2.4) (layers F.Cu F.Paste F.Mask)
      (net 4 /OSC_OUT))
    (model ${KISYS3DMOD}/Crystal.3dshapes/Crystal_SMD_TXC_AX_8045-2Pin_8.0x4.5mm.step
      (at (xyz 0 0 0))
      (scale (xyz 0.7 0.7 0.7))
      (rotate (xyz 0 0 0))
    )
  )

  (module Capacitor_SMD:C_0603_1608Metric (layer F.Cu) (tedit 5B301BBE) (tstamp 5D8FA482)
    (at 94.81 115.35 135)
    (descr "Capacitor SMD 0603 (1608 Metric), square (rectangular) end terminal, IPC_7351 nominal, (Body size source: http://www.tortai-tech.com/upload/download/2011102023233369053.pdf), generated with kicad-footprint-generator")
    (tags capacitor)
    (path /5E0F2D1A)
    (attr smd)
    (fp_text reference C1 (at 0 -1.43 135) (layer F.SilkS) hide
      (effects (font (size 1 1) (thickness 0.15)))
    )
    (fp_text value 22p (at -0.021213 -1.407142 135) (layer F.SilkS)
