(kicad_pcb (version 20171130) (host pcbnew "(5.1.5)-3")

  (general
    (thickness 1.6)
    (drawings 46)
    (tracks 481)
    (zones 0)
    (modules 199)
    (nets 144)
  )

  (page A4)
  (layers
    (0 F.Cu signal)
    (31 B.Cu signal)
    (32 B.Adhes user)
    (33 F.Adhes user)
    (34 B.Paste user)
    (35 F.Paste user)
    (36 B.SilkS user)
    (37 F.SilkS user)
    (38 B.Mask user)
    (39 F.Mask user)
    (40 Dwgs.User user)
    (41 Cmts.User user)
    (42 Eco1.User user)
    (43 Eco2.User user)
    (44 Edge.Cuts user)
    (45 Margin user)
    (46 B.CrtYd user)
    (47 F.CrtYd user)
    (48 B.Fab user)
    (49 F.Fab user)
  )

  (setup
    (last_trace_width 0.25)
    (user_trace_width 0.2)
    (user_trace_width 0.3)
    (user_trace_width 0.5)
    (user_trace_width 0.8)
    (user_trace_width 1)
    (trace_clearance 0.2)
    (zone_clearance 0.5)
    (zone_45_only no)
    (trace_min 0.2)
    (via_size 0.8)
    (via_drill 0.4)
    (via_min_size 0.4)
    (via_min_drill 0.3)
    (user_via 0.5 0.3)
    (user_via 1.5 0.75)
    (user_via 6 3)
    (uvia_size 0.3)
    (uvia_drill 0.1)
    (uvias_allowed no)
    (uvia_min_size 0.2)
    (uvia_min_drill 0.1)
    (edge_width 0.05)
    (segment_width 0.2)
    (pcb_text_width 0.3)
    (pcb_text_size 1.5 1.5)
    (mod_edge_width 0.12)
    (mod_text_size 1 1)
    (mod_text_width 0.15)
    (pad_size 1.524 1.524)
    (pad_drill 0.762)
    (pad_to_mask_clearance 0.051)
    (solder_mask_min_width 0.25)
    (aux_axis_origin 0 0)
    (visible_elements 7FFFFF7F)
    (pcbplotparams
      (layerselection 0x010fc_ffffffff)
      (usegerberextensions false)
      (usegerberattributes false)
      (usegerberadvancedattributes false)
      (creategerberjobfile false)
      (excludeedgelayer true)
      (linewidth 0.100000)
      (plotframeref false)
      (viasonmask false)
      (mode 1)
      (useauxorigin false)
      (hpglpennumber 1)
      (hpglpenspeed 20)
      (hpglpendiameter 15.000000)
      (psnegative false)
      (psa4output false)
      (plotreference true)
      (plotvalue true)
      (plotinvisibletext false)
      (padsonsilk false)
      (subtractmaskfromsilk false)
      (outputformat 1)
      (mirror false)
      (drillshape 1)
      (scaleselection 1)
      (outputdirectory ""))
  )

  (net 0 "")
  (net 1 GND)
  (net 2 /OSC_IN)
  (net 3 /OSC_OUT)
  (net 4 +3V3)
  (net 5 "Net-(C4-Pad2)")
  (net 6 /FB_5V)
  (net 7 "Net-(C8-Pad1)")
  (net 8 "Net-(C8-Pad2)")
  (net 9 +12V)
  (net 10 "Net-(C15-Pad1)")
  (net 11 "Net-(C17-Pad1)")
  (net 12 IO_Vdd)
  (net 13 /Drive_U_Temp)
  (net 14 /Drive_V_Temp)
  (net 15 /Drive_W_Temp)
  (net 16 /Subscribe_Temp)
  (net 17 /OUT_U_Current)
  (net 18 /OUT_V_Current)
  (net 19 /OUT_W_Current)
  (net 20 "Net-(C36-Pad1)")
  (net 21 /OUT_U)
  (net 22 "Net-(C37-Pad1)")
  (net 23 /OUT_V)
  (net 24 "Net-(C38-Pad1)")
  (net 25 "Net-(C39-Pad1)")
  (net 26 /OUT_W)
  (net 27 +3.3VP)
  (net 28 "Net-(C43-Pad1)")
  (net 29 /FB_12P)
  (net 30 /OUT_U_DIGITAL<3V3P)
  (net 31 /OUT_V_DIGITAL<3V3P)
  (net 32 /OUT_W_DIGITAL<3V3P)
  (net 33 "Net-(C47-Pad2)")
  (net 34 "Net-(C47-Pad1)")
  (net 35 +Batt)
  (net 36 +BATT)
  (net 37 "Net-(D1-Pad2)")
  (net 38 "Net-(D5-Pad2)")
  (net 39 "Net-(D6-Pad2)")
  (net 40 "Net-(D7-Pad2)")
  (net 41 "Net-(D8-Pad2)")
  (net 42 "Net-(D9-Pad2)")
  (net 43 "Net-(D13-Pad2)")
  (net 44 /SWCLK)
  (net 45 /SWDIO)
  (net 46 /~RST)
  (net 47 "Net-(J1-Pad6)")
  (net 48 /CAN_H)
  (net 49 /CAN_L)
  (net 50 "Net-(J4-Pad3)")
  (net 51 "Net-(J4-Pad4)")
  (net 52 /IO0_Pin)
  (net 53 /IO1_Pin)
  (net 54 /USARTX_RX)
  (net 55 /USARTX_TX)
  (net 56 "Net-(J8-Pad2)")
  (net 57 "Net-(JP2-Pad1)")
  (net 58 "Net-(Q1-PadG)")
  (net 59 "Net-(Q2-PadS)")
  (net 60 "Net-(Q2-PadG)")
  (net 61 "Net-(Q3-PadG)")
  (net 62 "Net-(Q4-PadG)")
  (net 63 "Net-(Q4-PadS)")
  (net 64 "Net-(Q5-PadG)")
  (net 65 "Net-(Q6-PadG)")
  (net 66 "Net-(Q6-PadS)")
  (net 67 "Net-(R1-Pad1)")
  (net 68 /TIMx_CH1)
  (net 69 /TIMx_CH2)
  (net 70 /SW0)
  (net 71 /SW1)
  (net 72 /LED0)
  (net 73 /LED1)
  (net 74 "Net-(R15-Pad2)")
  (net 75 /Enable)
  (net 76 "Net-(R33-Pad2)")
  (net 77 "Net-(R34-Pad2)")
  (net 78 "Net-(R35-Pad2)")
  (net 79 +12P)
  (net 80 /CAN1_TX)
  (net 81 /CAN1_RX)
  (net 82 "Net-(U3-Pad4)")
  (net 83 "Net-(U3-Pad8)")
  (net 84 "Net-(U3-Pad11)")
  (net 85 "Net-(U3-Pad24)")
  (net 86 /ADRESS_0)
  (net 87 /ADRESS_1)
  (net 88 /ADRESS_2)
  (net 89 /ADRESS_3)
  (net 90 "Net-(U3-Pad41)")
  (net 91 "Net-(U3-Pad44)")
  (net 92 "Net-(U3-Pad45)")
  (net 93 "Net-(U3-Pad50)")
  (net 94 "Net-(U3-Pad51)")
  (net 95 "Net-(U3-Pad52)")
  (net 96 "Net-(U3-Pad53)")
  (net 97 "Net-(U3-Pad54)")
  (net 98 "Net-(U3-Pad55)")
  (net 99 "Net-(U3-Pad58)")
  (net 100 "Net-(U3-Pad59)")
  (net 101 /PWM_U)
  (net 102 /PWM_V)
  (net 103 /PWM_W)
  (net 104 /OUT_U_Analog)
  (net 105 /OUT_V_Analog)
  (net 106 /OUT_W_Analog)
  (net 107 "Net-(U17-Pad3)")
  (net 108 "Net-(U17-Pad8)")
  (net 109 GNDPWR)
  (net 110 +5VP)
  (net 111 "Net-(C32-Pad1)")
  (net 112 "Net-(C33-Pad1)")
  (net 113 "Net-(C33-Pad2)")
  (net 114 "Net-(C34-Pad1)")
  (net 115 "Net-(C35-Pad1)")
  (net 116 /VOLTAGE)
  (net 117 "Net-(D17-Pad2)")
  (net 118 "Net-(D18-Pad2)")
  (net 119 "Net-(D19-Pad2)")
  (net 120 "Net-(D20-Pad2)")
  (net 121 /HALL_0)
  (net 122 /HALL_1)
  (net 123 /HALL_2)
  (net 124 "Net-(J14-Pad5)")
  (net 125 /I2C2_SCL)
  (net 126 /I2C2_SDA)
  (net 127 "Net-(R30-Pad2)")
  (net 128 "Net-(R31-Pad2)")
  (net 129 "Net-(R32-Pad2)")
  (net 130 /SW_MODE)
  (net 131 "Net-(SW3-Pad1)")
  (net 132 "Net-(U3-Pad33)")
  (net 133 "Net-(U3-Pad34)")
  (net 134 "Net-(U7-Pad1)")
  (net 135 "Net-(D22-Pad1)")
  (net 136 "Net-(D23-Pad1)")
  (net 137 "Net-(D24-Pad2)")
  (net 138 "Net-(D25-Pad2)")
  (net 139 /VALVE0)
  (net 140 /VALVE1)
  (net 141 "Net-(C21-Pad1)")
  (net 142 "Net-(C10-Pad1)")
  (net 143 "Net-(J1-Pad2)")

  (net_class Default "これはデフォルトのネット クラスです。"
    (clearance 0.2)
    (trace_width 0.25)
    (via_dia 0.8)
    (via_drill 0.4)
    (uvia_dia 0.3)
    (uvia_drill 0.1)
    (add_net +12P)
    (add_net +12V)
    (add_net +3.3VP)
    (add_net +3V3)
    (add_net +5VP)
    (add_net +BATT)
    (add_net +Batt)
    (add_net /ADRESS_0)
    (add_net /ADRESS_1)
    (add_net /ADRESS_2)
    (add_net /ADRESS_3)
    (add_net /CAN1_RX)
    (add_net /CAN1_TX)
    (add_net /CAN_H)
    (add_net /CAN_L)
    (add_net /Drive_U_Temp)
    (add_net /Drive_V_Temp)
    (add_net /Drive_W_Temp)
    (add_net /Enable)
    (add_net /FB_12P)
    (add_net /FB_5V)
    (add_net /HALL_0)
    (add_net /HALL_1)
    (add_net /HALL_2)
    (add_net /I2C2_SCL)
    (add_net /I2C2_SDA)
    (add_net /IO0_Pin)
    (add_net /IO1_Pin)
    (add_net /LED0)
    (add_net /LED1)
    (add_net /OSC_IN)
    (add_net /OSC_OUT)
    (add_net /OUT_U)
    (add_net /OUT_U_Analog)
    (add_net /OUT_U_Current)
    (add_net /OUT_U_DIGITAL<3V3P)
    (add_net /OUT_V)
    (add_net /OUT_V_Analog)
    (add_net /OUT_V_Current)
    (add_net /OUT_V_DIGITAL<3V3P)
    (add_net /OUT_W)
    (add_net /OUT_W_Analog)
    (add_net /OUT_W_Current)
    (add_net /OUT_W_DIGITAL<3V3P)
    (add_net /PWM_U)
    (add_net /PWM_V)
    (add_net /PWM_W)
    (add_net /SW0)
    (add_net /SW1)
    (add_net /SWCLK)
    (add_net /SWDIO)
    (add_net /SW_MODE)
    (add_net /Subscribe_Temp)
    (add_net /TIMx_CH1)
    (add_net /TIMx_CH2)
    (add_net /USARTX_RX)
    (add_net /USARTX_TX)
    (add_net /VALVE0)
    (add_net /VALVE1)
    (add_net /VOLTAGE)
    (add_net /~RST)
    (add_net GND)
    (add_net GNDPWR)
    (add_net IO_Vdd)
    (add_net "Net-(C10-Pad1)")
    (add_net "Net-(C15-Pad1)")
    (add_net "Net-(C17-Pad1)")
    (add_net "Net-(C21-Pad1)")
    (add_net "Net-(C32-Pad1)")
    (add_net "Net-(C33-Pad1)")
    (add_net "Net-(C33-Pad2)")
    (add_net "Net-(C34-Pad1)")
    (add_net "Net-(C35-Pad1)")
    (add_net "Net-(C36-Pad1)")
    (add_net "Net-(C37-Pad1)")
    (add_net "Net-(C38-Pad1)")
    (add_net "Net-(C39-Pad1)")
    (add_net "Net-(C4-Pad2)")
    (add_net "Net-(C43-Pad1)")
    (add_net "Net-(C47-Pad1)")
    (add_net "Net-(C47-Pad2)")
    (add_net "Net-(C8-Pad1)")
    (add_net "Net-(C8-Pad2)")
    (add_net "Net-(D1-Pad2)")
    (add_net "Net-(D13-Pad2)")
    (add_net "Net-(D17-Pad2)")
    (add_net "Net-(D18-Pad2)")
    (add_net "Net-(D19-Pad2)")
    (add_net "Net-(D20-Pad2)")
    (add_net "Net-(D22-Pad1)")
    (add_net "Net-(D23-Pad1)")
    (add_net "Net-(D24-Pad2)")
    (add_net "Net-(D25-Pad2)")
    (add_net "Net-(D5-Pad2)")
    (add_net "Net-(D6-Pad2)")
    (add_net "Net-(D7-Pad2)")
    (add_net "Net-(D8-Pad2)")
    (add_net "Net-(D9-Pad2)")
    (add_net "Net-(J1-Pad2)")
    (add_net "Net-(J1-Pad6)")
    (add_net "Net-(J14-Pad5)")
    (add_net "Net-(J4-Pad3)")
    (add_net "Net-(J4-Pad4)")
    (add_net "Net-(J8-Pad2)")
    (add_net "Net-(JP2-Pad1)")
    (add_net "Net-(Q1-PadG)")
    (add_net "Net-(Q2-PadG)")
    (add_net "Net-(Q2-PadS)")
    (add_net "Net-(Q3-PadG)")
    (add_net "Net-(Q4-PadG)")
    (add_net "Net-(Q4-PadS)")
    (add_net "Net-(Q5-PadG)")
    (add_net "Net-(Q6-PadG)")
    (add_net "Net-(Q6-PadS)")
    (add_net "Net-(R1-Pad1)")
    (add_net "Net-(R15-Pad2)")
    (add_net "Net-(R30-Pad2)")
    (add_net "Net-(R31-Pad2)")
    (add_net "Net-(R32-Pad2)")
    (add_net "Net-(R33-Pad2)")
    (add_net "Net-(R34-Pad2)")
    (add_net "Net-(R35-Pad2)")
    (add_net "Net-(SW3-Pad1)")
    (add_net "Net-(U17-Pad3)")
    (add_net "Net-(U17-Pad8)")
    (add_net "Net-(U3-Pad11)")
    (add_net "Net-(U3-Pad24)")
    (add_net "Net-(U3-Pad33)")
    (add_net "Net-(U3-Pad34)")
    (add_net "Net-(U3-Pad4)")
    (add_net "Net-(U3-Pad41)")
    (add_net "Net-(U3-Pad44)")
    (add_net "Net-(U3-Pad45)")
    (add_net "Net-(U3-Pad50)")
    (add_net "Net-(U3-Pad51)")
    (add_net "Net-(U3-Pad52)")
    (add_net "Net-(U3-Pad53)")
    (add_net "Net-(U3-Pad54)")
    (add_net "Net-(U3-Pad55)")
    (add_net "Net-(U3-Pad58)")
    (add_net "Net-(U3-Pad59)")
    (add_net "Net-(U3-Pad8)")
    (add_net "Net-(U7-Pad1)")
  )

  (module Mizz_lib:XT60_F (layer F.Cu) (tedit 5E5FC374) (tstamp 5E4AC870)
    (at 175 84)
    (path /5E54E6F2)
    (fp_text reference J9 (at 0 3) (layer F.Fab)
      (effects (font (size 1 1) (thickness 0.15)))
    )
    (fp_text value BATT_IN (at 0.05 5.5 unlocked) (layer F.SilkS)
      (effects (font (size 2 2) (thickness 0.5)))
    )
    (fp_line (start 8 -4) (end 8 4) (layer F.SilkS) (width 0.15))
    (fp_line (start -8 -1.5) (end -8 1.5) (layer F.SilkS) (width 0.15))
    (fp_line (start -5 -4) (end 8 -4) (layer F.SilkS) (width 0.15))
    (fp_line (start -8 -1.5) (end -5 -4) (layer F.SilkS) (width 0.15))
    (fp_line (start -5 4) (end 8 4) (layer F.SilkS) (width 0.15))
    (fp_line (start -8 1.5) (end -5 4) (layer F.SilkS) (width 0.15))
    (pad 2 thru_hole circle (at 3.5 0) (size 6 6) (drill 4.5) (layers *.Cu *.Mask F.SilkS)
      (net 36 +BATT))
    (pad 1 thru_hole circle (at -3.5 0) (size 6 6) (drill 4.5) (layers *.Cu *.Mask F.SilkS)
      (net 109 GNDPWR))
    (model "C:/Users/3Zuta/Documents/KiCAD/myKicadLibrary/3Dmodel/XT60_f/XT60 Buchse.stp"
      (at (xyz 0 0 0))
      (scale (xyz 1 1 1))
      (rotate (xyz 0 0 0))
    )
  )

  (module Mizz_lib:Inductor_Taiyo-Yuden_NR-50xx_HandSoldering (layer F.Cu) (tedit 5E5CF861) (tstamp 5E4AC8CF)
    (at 223.95 99 180)
    (descr "Inductor, Taiyo Yuden, NR series, Taiyo-Yuden_NR-50xx, 4.9mmx4.9mm")
    (tags "inductor taiyo-yuden nr smd")
    (path /5E4B2BA3)
    (attr smd)
    (fp_text reference L1 (at 0 -3.45 180) (layer F.SilkS) hide
      (effects (font (size 1 1) (thickness 0.15)))
    )
    (fp_text value 22uH (at 0 0 270) (layer F.SilkS)
      (effects (font (size 1 1) (thickness 0.15)))
    )
    (fp_line (start -2.45 0) (end -2.45 -1.65) (layer F.Fab) (width 0.15))
    (fp_line (start -2.45 -1.65) (end -1.65 -2.45) (layer F.Fab) (width 0.15))
    (fp_line (start -1.65 -2.45) (end 0 -2.45) (layer F.Fab) (width 0.15))
    (fp_line (start 2.45 0) (end 2.45 -1.65) (layer F.Fab) (width 0.15))
    (fp_line (start 2.45 -1.65) (end 1.65 -2.45) (layer F.Fab) (width 0.15))
    (fp_line (start 1.65 -2.45) (end 0 -2.45) (layer F.Fab) (width 0.15))
    (fp_line (start 2.45 0) (end 2.45 1.65) (layer F.Fab) (width 0.15))
    (fp_line (start 2.45 1.65) (end 1.65 2.45) (layer F.Fab) (width 0.15))
    (fp_line (start 1.65 2.45) (end 0 2.45) (layer F.Fab) (width 0.15))
    (fp_line (start -2.45 0) (end -2.45 1.65) (layer F.Fab) (width 0.15))
    (fp_line (start -2.45 1.65) (end -1.65 2.45) (layer F.Fab) (width 0.15))
    (fp_line (start -1.65 2.45) (end 0 2.45) (layer F.Fab) (width 0.15))
    (fp_line (start -3.45 -2.55) (end 3.45 -2.55) (layer F.SilkS) (width 0.15))
    (fp_line (start -3.45 2.55) (end 3.45 2.55) (layer F.SilkS) (width 0.15))
    (fp_line (start -3.75 -2.75) (end -3.75 2.75) (layer F.CrtYd) (width 0.05))
    (fp_line (start -3.75 2.75) (end 3.75 2.75) (layer F.CrtYd) (width 0.05))
    (fp_line (start 3.75 2.75) (end 3.75 -2.75) (layer F.CrtYd) (width 0.05))
    (fp_line (start 3.75 -2.75) (end -3.75 -2.75) (layer F.CrtYd) (width 0.05))
    (pad 1 smd rect (at -2.25 0 180) (size 2.4 4.2) (layers F.Cu F.Paste F.Mask)
      (net 7 "Net-(C8-Pad1)"))
    (pad 2 smd rect (at 2.25 0 180) (size 2.4 4.2) (layers F.Cu F.Paste F.Mask)
      (net 6 /FB_5V))
    (model ${KISYS3DMOD}/Inductor_SMD.3dshapes/L_Bourns_SRN6045TA.step
      (at (xyz 0 0 0))
      (scale (xyz 1 1 1))
      (rotate (xyz 0 0 0))
    )
  )

  (module Mizz_lib:Inductor_Taiyo-Yuden_NR-50xx_HandSoldering (layer F.Cu) (tedit 5E5CF84A) (tstamp 5E4AC8E7)
    (at 229.6 87.4 180)
    (descr "Inductor, Taiyo Yuden, NR series, Taiyo-Yuden_NR-50xx, 4.9mmx4.9mm")
    (tags "inductor taiyo-yuden nr smd")
    (path /5E5F33D6)
    (attr smd)
    (fp_text reference L2 (at 0 -3.45 180) (layer F.SilkS) hide
      (effects (font (size 1 1) (thickness 0.15)))
    )
    (fp_text value 22uH (at 0 0 270) (layer F.SilkS)
      (effects (font (size 1 1) (thickness 0.15)))
    )
    (fp_line (start 3.75 -2.75) (end -3.75 -2.75) (layer F.CrtYd) (width 0.05))
    (fp_line (start 3.75 2.75) (end 3.75 -2.75) (layer F.CrtYd) (width 0.05))
    (fp_line (start -3.75 2.75) (end 3.75 2.75) (layer F.CrtYd) (width 0.05))
    (fp_line (start -3.75 -2.75) (end -3.75 2.75) (layer F.CrtYd) (width 0.05))
    (fp_line (start -3.45 2.55) (end 3.45 2.55) (layer F.SilkS) (width 0.15))
    (fp_line (start -3.45 -2.55) (end 3.45 -2.55) (layer F.SilkS) (width 0.15))
    (fp_line (start -1.65 2.45) (end 0 2.45) (layer F.Fab) (width 0.15))
    (fp_line (start -2.45 1.65) (end -1.65 2.45) (layer F.Fab) (width 0.15))
    (fp_line (start -2.45 0) (end -2.45 1.65) (layer F.Fab) (width 0.15))
    (fp_line (start 1.65 2.45) (end 0 2.45) (layer F.Fab) (width 0.15))
    (fp_line (start 2.45 1.65) (end 1.65 2.45) (layer F.Fab) (width 0.15))
    (fp_line (start 2.45 0) (end 2.45 1.65) (layer F.Fab) (width 0.15))
    (fp_line (start 1.65 -2.45) (end 0 -2.45) (layer F.Fab) (width 0.15))
    (fp_line (start 2.45 -1.65) (end 1.65 -2.45) (layer F.Fab) (width 0.15))
    (fp_line (start 2.45 0) (end 2.45 -1.65) (layer F.Fab) (width 0.15))
    (fp_line (start -1.65 -2.45) (end 0 -2.45) (layer F.Fab) (width 0.15))
    (fp_line (start -2.45 -1.65) (end -1.65 -2.45) (layer F.Fab) (width 0.15))
    (fp_line (start -2.45 0) (end -2.45 -1.65) (layer F.Fab) (width 0.15))
    (pad 2 smd rect (at 2.25 0 180) (size 2.4 4.2) (layers F.Cu F.Paste F.Mask)
      (net 29 /FB_12P))
    (pad 1 smd rect (at -2.25 0 180) (size 2.4 4.2) (layers F.Cu F.Paste F.Mask)
      (net 34 "Net-(C47-Pad1)"))
    (model ${KISYS3DMOD}/Inductor_SMD.3dshapes/L_Bourns_SRN6045TA.step
      (at (xyz 0 0 0))
      (scale (xyz 1 1 1))
      (rotate (xyz 0 0 0))
    )
  )

  (module Package_SO:SOP-8_6.62x9.15mm_P2.54mm (layer F.Cu) (tedit 5E5CB91C) (tstamp 5E5D2550)
    (at 184 103.25 180)
    (descr "SOP, 8 Pin (http://www.ti.com/lit/ds/symlink/iso1050.pdf), generated with kicad-footprint-generator ipc_gullwing_generator.py")
    (tags "SOP SO")
    (path /5E618B66)
    (attr smd)
    (fp_text reference U6 (at 0 -5.52) (layer F.SilkS) hide
      (effects (font (size 1 1) (thickness 0.15)))
    )
    (fp_text value ISO1050DUB (at 0 0.05 90) (layer F.SilkS)
      (effects (font (size 0.8 0.8) (thickness 0.15)))
    )
    (fp_line (start 0 4.685) (end 3.42 4.685) (layer F.SilkS) (width 0.12))
    (fp_line (start 3.42 4.685) (end 3.42 4.395) (layer F.SilkS) (width 0.12))
    (fp_line (start 0 4.685) (end -3.42 4.685) (layer F.SilkS) (width 0.12))
    (fp_line (start -3.42 4.685) (end -3.42 4.395) (layer F.SilkS) (width 0.12))
    (fp_line (start 0 -4.685) (end 3.42 -4.685) (layer F.SilkS) (width 0.12))
    (fp_line (start 3.42 -4.685) (end 3.42 -4.395) (layer F.SilkS) (width 0.12))
    (fp_line (start 0 -4.685) (end -3.42 -4.685) (layer F.SilkS) (width 0.12))
    (fp_line (start -3.42 -4.685) (end -3.42 -4.395) (layer F.SilkS) (width 0.12))
    (fp_line (start -3.42 -4.395) (end -5.7 -4.395) (layer F.SilkS) (width 0.12))
    (fp_line (start -2.31 -4.575) (end 3.31 -4.575) (layer F.Fab) (width 0.1))
    (fp_line (start 3.31 -4.575) (end 3.31 4.575) (layer F.Fab) (width 0.1))
    (fp_line (start 3.31 4.575) (end -3.31 4.575) (layer F.Fab) (width 0.1))
    (fp_line (start -3.31 4.575) (end -3.31 -3.575) (layer F.Fab) (width 0.1))
    (fp_line (start -3.31 -3.575) (end -2.31 -4.575) (layer F.Fab) (width 0.1))
    (fp_line (start -5.95 -4.82) (end -5.95 4.82) (layer F.CrtYd) (width 0.05))
    (fp_line (start -5.95 4.82) (end 5.95 4.82) (layer F.CrtYd) (width 0.05))
    (fp_line (start 5.95 4.82) (end 5.95 -4.82) (layer F.CrtYd) (width 0.05))
    (fp_line (start 5.95 -4.82) (end -5.95 -4.82) (layer F.CrtYd) (width 0.05))
    (fp_text user %R (at 0 0) (layer F.Fab)
      (effects (font (size 1 1) (thickness 0.15)))
    )
    (pad 1 smd roundrect (at -4.525 -3.81 180) (size 2.35 0.65) (layers F.Cu F.Paste F.Mask) (roundrect_rratio 0.25)
      (net 27 +3.3VP))
    (pad 2 smd roundrect (at -4.525 -1.27 180) (size 2.35 0.65) (layers F.Cu F.Paste F.Mask) (roundrect_rratio 0.25)
      (net 81 /CAN1_RX))
    (pad 3 smd roundrect (at -4.525 1.27 180) (size 2.35 0.65) (layers F.Cu F.Paste F.Mask) (roundrect_rratio 0.25)
      (net 80 /CAN1_TX))
    (pad 4 smd roundrect (at -4.525 3.81 180) (size 2.35 0.65) (layers F.Cu F.Paste F.Mask) (roundrect_rratio 0.25)
      (net 109 GNDPWR))
    (pad 5 smd roundrect (at 4.525 3.81 180) (size 2.35 0.65) (layers F.Cu F.Paste F.Mask) (roundrect_rratio 0.25)
      (net 1 GND))
    (pad 6 smd roundrect (at 4.525 1.27 180) (size 2.35 0.65) (layers F.Cu F.Paste F.Mask) (roundrect_rratio 0.25)
      (net 49 /CAN_L))
    (pad 7 smd roundrect (at 4.525 -1.27 180) (size 2.35 0.65) (layers F.Cu F.Paste F.Mask) (roundrect_rratio 0.25)
      (net 48 /CAN_H))
    (pad 8 smd roundrect (at 4.525 -3.81 180) (size 2.35 0.65) (layers F.Cu F.Paste F.Mask) (roundrect_rratio 0.25)
      (net 4 +3V3))
    (model ${KISYS3DMOD}/Package_DIP.3dshapes/DIP-8_W8.89mm_SMDSocket.step
      (at (xyz 0 0 0))
      (scale (xyz 1 1 1))
      (rotate (xyz 0 0 0))
    )
  )

  (module Capacitor_SMD:C_0603_1608Metric (layer F.Cu) (tedit 5B301BBE) (tstamp 5E4AC10C)
    (at 192.05 109.5 315)
    (descr "Capacitor SMD 0603 (1608 Metric), square (rectangular) end terminal, IPC_7351 nominal, (Body size source: http://www.tortai-tech.com/upload/download/2011102023233369053.pdf), generated with kicad-footprint-generator")
    (tags capacitor)
    (path /5E42F98B)
    (attr smd)
    (fp_text reference C1 (at 0 -1.43 135) (layer F.SilkS) hide
      (effects (font (size 1 1) (thickness 0.15)))
    )
    (fp_text value 22p (at -0.707107 1.202082 315) (layer F.SilkS)
      (effects (font (size 0.8 0.8) (thickness 0.15)))
    )
    (fp_text user %R (at 0 0 135) (layer F.Fab)
      (effects (font (size 0.4 0.4) (thickness 0.06)))
    )
    (fp_line (start 1.48 0.73) (end -1.48 0.73) (layer F.CrtYd) (width 0.05))
    (fp_line (start 1.48 -0.73) (end 1.48 0.73) (layer F.CrtYd) (width 0.05))
    (fp_line (start -1.48 -0.73) (end 1.48 -0.73) (layer F.CrtYd) (width 0.05))
    (fp_line (start -1.48 0.73) (end -1.48 -0.73) (layer F.CrtYd) (width 0.05))
    (fp_line (start -0.162779 0.51) (end 0.162779 0.51) (layer F.SilkS) (width 0.12))
    (fp_line (start -0.162779 -0.51) (end 0.162779 -0.51) (layer F.SilkS) (width 0.12))
    (fp_line (start 0.8 0.4) (end -0.8 0.4) (layer F.Fab) (width 0.1))
    (fp_line (start 0.8 -0.4) (end 0.8 0.4) (layer F.Fab) (width 0.1))
    (fp_line (start -0.8 -0.4) (end 0.8 -0.4) (layer F.Fab) (width 0.1))
    (fp_line (start -0.8 0.4) (end -0.8 -0.4) (layer F.Fab) (width 0.1))
    (pad 2 smd roundrect (at 0.7875 0 315) (size 0.875 0.95) (layers F.Cu F.Paste F.Mask) (roundrect_rratio 0.25)
      (net 109 GNDPWR))
    (pad 1 smd roundrect (at -0.7875 0 315) (size 0.875 0.95) (layers F.Cu F.Paste F.Mask) (roundrect_rratio 0.25)
      (net 2 /OSC_IN))
    (model ${KISYS3DMOD}/Capacitor_SMD.3dshapes/C_0603_1608Metric.wrl
      (at (xyz 0 0 0))
      (scale (xyz 1 1 1))
      (rotate (xyz 0 0 0))
    )
  )

  (module Capacitor_SMD:C_0603_1608Metric (layer F.Cu) (tedit 5B301BBE) (tstamp 5E4AC11D)
    (at 193.75 111.2 135)
    (descr "Capacitor SMD 0603 (1608 Metric), square (rectangular) end terminal, IPC_7351 nominal, (Body size source: http://www.tortai-tech.com/upload/download/2011102023233369053.pdf), generated with kicad-footprint-generator")
    (tags capacitor)
    (path /5E42F6F3)
    (attr smd)
    (fp_text reference C2 (at 0 -1.43 135) (layer F.SilkS) hide
      (effects (font (size 1 1) (thickness 0.15)))
    )
    (fp_text value 22p (at 0.919239 -1.202082 135) (layer F.SilkS)
      (effects (font (size 0.8 0.8) (thickness 0.15)))
    )
    (fp_line (start -0.8 0.4) (end -0.8 -0.4) (layer F.Fab) (width 0.1))
    (fp_line (start -0.8 -0.4) (end 0.8 -0.4) (layer F.Fab) (width 0.1))
    (fp_line (start 0.8 -0.4) (end 0.8 0.4) (layer F.Fab) (width 0.1))
    (fp_line (start 0.8 0.4) (end -0.8 0.4) (layer F.Fab) (width 0.1))
    (fp_line (start -0.162779 -0.51) (end 0.162779 -0.51) (layer F.SilkS) (width 0.12))
    (fp_line (start -0.162779 0.51) (end 0.162779 0.51) (layer F.SilkS) (width 0.12))
    (fp_line (start -1.48 0.73) (end -1.48 -0.73) (layer F.CrtYd) (width 0.05))
    (fp_line (start -1.48 -0.73) (end 1.48 -0.73) (layer F.CrtYd) (width 0.05))
    (fp_line (start 1.48 -0.73) (end 1.48 0.73) (layer F.CrtYd) (width 0.05))
    (fp_line (start 1.48 0.73) (end -1.48 0.73) (layer F.CrtYd) (width 0.05))
    (fp_text user %R (at 0 0 135) (layer F.Fab)
      (effects (font (size 0.4 0.4) (thickness 0.06)))
    )
    (pad 1 smd roundrect (at -0.7875 0 135) (size 0.875 0.95) (layers F.Cu F.Paste F.Mask) (roundrect_rratio 0.25)
      (net 3 /OSC_OUT))
    (pad 2 smd roundrect (at 0.7875 0 135) (size 0.875 0.95) (layers F.Cu F.Paste F.Mask) (roundrect_rratio 0.25)
      (net 109 GNDPWR))
    (model ${KISYS3DMOD}/Capacitor_SMD.3dshapes/C_0603_1608Metric.wrl
      (at (xyz 0 0 0))
      (scale (xyz 1 1 1))
      (rotate (xyz 0 0 0))
    )
  )

  (module Capacitor_SMD:C_0603_1608Metric (layer B.Cu) (tedit 5B301BBE) (tstamp 5E4AC12E)
    (at 180.25 109.25 270)
    (descr "Capacitor SMD 0603 (1608 Metric), square (rectangular) end terminal, IPC_7351 nominal, (Body size source: http://www.tortai-tech.com/upload/download/2011102023233369053.pdf), generated with kicad-footprint-generator")
    (tags capacitor)
    (path /5E513F0A)
    (attr smd)
    (fp_text reference C3 (at 0 1.43 90) (layer B.SilkS) hide
      (effects (font (size 1 1) (thickness 0.15)) (justify mirror))
    )
    (fp_text value 0.1u (at 2.75 0 90) (layer B.SilkS)
      (effects (font (size 0.8 0.8) (thickness 0.15)) (justify mirror))
    )
    (fp_line (start -0.8 -0.4) (end -0.8 0.4) (layer B.Fab) (width 0.1))
    (fp_line (start -0.8 0.4) (end 0.8 0.4) (layer B.Fab) (width 0.1))
    (fp_line (start 0.8 0.4) (end 0.8 -0.4) (layer B.Fab) (width 0.1))
    (fp_line (start 0.8 -0.4) (end -0.8 -0.4) (layer B.Fab) (width 0.1))
    (fp_line (start -0.162779 0.51) (end 0.162779 0.51) (layer B.SilkS) (width 0.12))
    (fp_line (start -0.162779 -0.51) (end 0.162779 -0.51) (layer B.SilkS) (width 0.12))
    (fp_line (start -1.48 -0.73) (end -1.48 0.73) (layer B.CrtYd) (width 0.05))
    (fp_line (start -1.48 0.73) (end 1.48 0.73) (layer B.CrtYd) (width 0.05))
    (fp_line (start 1.48 0.73) (end 1.48 -0.73) (layer B.CrtYd) (width 0.05))
    (fp_line (start 1.48 -0.73) (end -1.48 -0.73) (layer B.CrtYd) (width 0.05))
    (fp_text user %R (at 0 0 90) (layer B.Fab)
      (effects (font (size 0.4 0.4) (thickness 0.06)) (justify mirror))
    )
    (pad 1 smd roundrect (at -0.7875 0 270) (size 0.875 0.95) (layers B.Cu B.Paste B.Mask) (roundrect_rratio 0.25)
      (net 4 +3V3))
    (pad 2 smd roundrect (at 0.7875 0 270) (size 0.875 0.95) (layers B.Cu B.Paste B.Mask) (roundrect_rratio 0.25)
      (net 1 GND))
    (model ${KISYS3DMOD}/Capacitor_SMD.3dshapes/C_0603_1608Metric.wrl
      (at (xyz 0 0 0))
      (scale (xyz 1 1 1))
      (rotate (xyz 0 0 0))
    )
  )

  (module Capacitor_SMD:C_0603_1608Metric (layer B.Cu) (tedit 5B301BBE) (tstamp 5E4AC13F)
    (at 219.75 96.25 180)
    (descr "Capacitor SMD 0603 (1608 Metric), square (rectangular) end terminal, IPC_7351 nominal, (Body size source: http://www.tortai-tech.com/upload/download/2011102023233369053.pdf), generated with kicad-footprint-generator")
    (tags capacitor)
    (path /5E5A9032)
    (attr smd)
    (fp_text reference C4 (at 0 1.43) (layer B.SilkS) hide
      (effects (font (size 1 1) (thickness 0.15)) (justify mirror))
    )
    (fp_text value 0.1u (at 0 -1.43) (layer B.SilkS)
      (effects (font (size 0.8 0.8) (thickness 0.15)) (justify mirror))
    )
    (fp_text user %R (at 0 0) (layer B.Fab)
      (effects (font (size 0.4 0.4) (thickness 0.06)) (justify mirror))
    )
    (fp_line (start 1.48 -0.73) (end -1.48 -0.73) (layer B.CrtYd) (width 0.05))
    (fp_line (start 1.48 0.73) (end 1.48 -0.73) (layer B.CrtYd) (width 0.05))
    (fp_line (start -1.48 0.73) (end 1.48 0.73) (layer B.CrtYd) (width 0.05))
    (fp_line (start -1.48 -0.73) (end -1.48 0.73) (layer B.CrtYd) (width 0.05))
    (fp_line (start -0.162779 -0.51) (end 0.162779 -0.51) (layer B.SilkS) (width 0.12))
    (fp_line (start -0.162779 0.51) (end 0.162779 0.51) (layer B.SilkS) (width 0.12))
    (fp_line (start 0.8 -0.4) (end -0.8 -0.4) (layer B.Fab) (width 0.1))
    (fp_line (start 0.8 0.4) (end 0.8 -0.4) (layer B.Fab) (width 0.1))
    (fp_line (start -0.8 0.4) (end 0.8 0.4) (layer B.Fab) (width 0.1))
    (fp_line (start -0.8 -0.4) (end -0.8 0.4) (layer B.Fab) (width 0.1))
    (pad 2 smd roundrect (at 0.7875 0 180) (size 0.875 0.95) (layers B.Cu B.Paste B.Mask) (roundrect_rratio 0.25)
      (net 5 "Net-(C4-Pad2)"))
    (pad 1 smd roundrect (at -0.7875 0 180) (size 0.875 0.95) (layers B.Cu B.Paste B.Mask) (roundrect_rratio 0.25)
      (net 6 /FB_5V))
    (model ${KISYS3DMOD}/Capacitor_SMD.3dshapes/C_0603_1608Metric.wrl
      (at (xyz 0 0 0))
      (scale (xyz 1 1 1))
      (rotate (xyz 0 0 0))
    )
  )

  (module Capacitor_SMD:C_0603_1608Metric (layer B.Cu) (tedit 5B301BBE) (tstamp 5E4AC150)
    (at 204.95 108.35 315)
    (descr "Capacitor SMD 0603 (1608 Metric), square (rectangular) end terminal, IPC_7351 nominal, (Body size source: http://www.tortai-tech.com/upload/download/2011102023233369053.pdf), generated with kicad-footprint-generator")
    (tags capacitor)
    (path /5E44751E)
    (attr smd)
    (fp_text reference C5 (at 0 1.43 315) (layer B.SilkS) hide
      (effects (font (size 1 1) (thickness 0.15)) (justify mirror))
    )
    (fp_text value 0.1u (at 0.459619 1.096016 315) (layer B.SilkS)
      (effects (font (size 0.8 0.8) (thickness 0.15)) (justify mirror))
    )
    (fp_line (start -0.8 -0.4) (end -0.8 0.4) (layer B.Fab) (width 0.1))
    (fp_line (start -0.8 0.4) (end 0.8 0.4) (layer B.Fab) (width 0.1))
    (fp_line (start 0.8 0.4) (end 0.8 -0.4) (layer B.Fab) (width 0.1))
    (fp_line (start 0.8 -0.4) (end -0.8 -0.4) (layer B.Fab) (width 0.1))
    (fp_line (start -0.162779 0.51) (end 0.162779 0.51) (layer B.SilkS) (width 0.12))
    (fp_line (start -0.162779 -0.51) (end 0.162779 -0.51) (layer B.SilkS) (width 0.12))
    (fp_line (start -1.48 -0.73) (end -1.48 0.73) (layer B.CrtYd) (width 0.05))
    (fp_line (start -1.48 0.73) (end 1.48 0.73) (layer B.CrtYd) (width 0.05))
    (fp_line (start 1.48 0.73) (end 1.48 -0.73) (layer B.CrtYd) (width 0.05))
    (fp_line (start 1.48 -0.73) (end -1.48 -0.73) (layer B.CrtYd) (width 0.05))
    (fp_text user %R (at 0 0 315) (layer B.Fab)
      (effects (font (size 0.4 0.4) (thickness 0.06)) (justify mirror))
    )
    (pad 1 smd roundrect (at -0.7875 0 315) (size 0.875 0.95) (layers B.Cu B.Paste B.Mask) (roundrect_rratio 0.25)
      (net 27 +3.3VP))
    (pad 2 smd roundrect (at 0.7875 0 315) (size 0.875 0.95) (layers B.Cu B.Paste B.Mask) (roundrect_rratio 0.25)
      (net 109 GNDPWR))
    (model ${KISYS3DMOD}/Capacitor_SMD.3dshapes/C_0603_1608Metric.wrl
      (at (xyz 0 0 0))
      (scale (xyz 1 1 1))
      (rotate (xyz 0 0 0))
    )
  )

  (module Capacitor_SMD:C_0603_1608Metric (layer F.Cu) (tedit 5B301BBE) (tstamp 5E4AC161)
    (at 211.25 103.1 90)
    (descr "Capacitor SMD 0603 (1608 Metric), square (rectangular) end terminal, IPC_7351 nominal, (Body size source: http://www.tortai-tech.com/upload/download/2011102023233369053.pdf), generated with kicad-footprint-generator")
    (tags capacitor)
    (path /5E447C41)
    (attr smd)
    (fp_text reference C6 (at 0 -1.43 -90) (layer F.SilkS) hide
      (effects (font (size 1 1) (thickness 0.15)))
    )
    (fp_text value 0.1u (at 0.6 1.131371 -90) (layer F.SilkS)
      (effects (font (size 0.8 0.8) (thickness 0.15)))
    )
    (fp_text user %R (at 0 0 -90) (layer F.Fab)
      (effects (font (size 0.4 0.4) (thickness 0.06)))
    )
    (fp_line (start 1.48 0.73) (end -1.48 0.73) (layer F.CrtYd) (width 0.05))
    (fp_line (start 1.48 -0.73) (end 1.48 0.73) (layer F.CrtYd) (width 0.05))
    (fp_line (start -1.48 -0.73) (end 1.48 -0.73) (layer F.CrtYd) (width 0.05))
    (fp_line (start -1.48 0.73) (end -1.48 -0.73) (layer F.CrtYd) (width 0.05))
    (fp_line (start -0.162779 0.51) (end 0.162779 0.51) (layer F.SilkS) (width 0.12))
    (fp_line (start -0.162779 -0.51) (end 0.162779 -0.51) (layer F.SilkS) (width 0.12))
    (fp_line (start 0.8 0.4) (end -0.8 0.4) (layer F.Fab) (width 0.1))
    (fp_line (start 0.8 -0.4) (end 0.8 0.4) (layer F.Fab) (width 0.1))
    (fp_line (start -0.8 -0.4) (end 0.8 -0.4) (layer F.Fab) (width 0.1))
    (fp_line (start -0.8 0.4) (end -0.8 -0.4) (layer F.Fab) (width 0.1))
    (pad 2 smd roundrect (at 0.7875 0 90) (size 0.875 0.95) (layers F.Cu F.Paste F.Mask) (roundrect_rratio 0.25)
      (net 109 GNDPWR))
    (pad 1 smd roundrect (at -0.7875 0 90) (size 0.875 0.95) (layers F.Cu F.Paste F.Mask) (roundrect_rratio 0.25)
      (net 27 +3.3VP))
    (model ${KISYS3DMOD}/Capacitor_SMD.3dshapes/C_0603_1608Metric.wrl
      (at (xyz 0 0 0))
      (scale (xyz 1 1 1))
      (rotate (xyz 0 0 0))
    )
  )

  (module Capacitor_SMD:C_0603_1608Metric (layer B.Cu) (tedit 5B301BBE) (tstamp 5E4AC172)
    (at 204.4 97 45)
    (descr "Capacitor SMD 0603 (1608 Metric), square (rectangular) end terminal, IPC_7351 nominal, (Body size source: http://www.tortai-tech.com/upload/download/2011102023233369053.pdf), generated with kicad-footprint-generator")
    (tags capacitor)
    (path /5E447F2C)
    (attr smd)
    (fp_text reference C7 (at 0 1.43 225) (layer B.SilkS) hide
      (effects (font (size 1 1) (thickness 0.15)) (justify mirror))
    )
    (fp_text value 0.1u (at 0 -1.131371 225) (layer B.SilkS)
      (effects (font (size 0.8 0.8) (thickness 0.15)) (justify mirror))
    )
    (fp_line (start -0.8 -0.4) (end -0.8 0.4) (layer B.Fab) (width 0.1))
    (fp_line (start -0.8 0.4) (end 0.8 0.4) (layer B.Fab) (width 0.1))
    (fp_line (start 0.8 0.4) (end 0.8 -0.4) (layer B.Fab) (width 0.1))
    (fp_line (start 0.8 -0.4) (end -0.8 -0.4) (layer B.Fab) (width 0.1))
    (fp_line (start -0.162779 0.51) (end 0.162779 0.51) (layer B.SilkS) (width 0.12))
    (fp_line (start -0.162779 -0.51) (end 0.162779 -0.51) (layer B.SilkS) (width 0.12))
    (fp_line (start -1.48 -0.73) (end -1.48 0.73) (layer B.CrtYd) (width 0.05))
    (fp_line (start -1.48 0.73) (end 1.48 0.73) (layer B.CrtYd) (width 0.05))
    (fp_line (start 1.48 0.73) (end 1.48 -0.73) (layer B.CrtYd) (width 0.05))
    (fp_line (start 1.48 -0.73) (end -1.48 -0.73) (layer B.CrtYd) (width 0.05))
    (fp_text user %R (at 0 0 225) (layer B.Fab)
      (effects (font (size 0.4 0.4) (thickness 0.06)) (justify mirror))
    )
    (pad 1 smd roundrect (at -0.7875 0 45) (size 0.875 0.95) (layers B.Cu B.Paste B.Mask) (roundrect_rratio 0.25)
      (net 27 +3.3VP))
    (pad 2 smd roundrect (at 0.7875 0 45) (size 0.875 0.95) (layers B.Cu B.Paste B.Mask) (roundrect_rratio 0.25)
      (net 109 GNDPWR))
    (model ${KISYS3DMOD}/Capacitor_SMD.3dshapes/C_0603_1608Metric.wrl
      (at (xyz 0 0 0))
      (scale (xyz 1 1 1))
      (rotate (xyz 0 0 0))
    )
  )

  (module Capacitor_SMD:C_0603_1608Metric (layer B.Cu) (tedit 5B301BBE) (tstamp 5E4AC183)
    (at 225.55 96.85 180)
    (descr "Capacitor SMD 0603 (1608 Metric), square (rectangular) end terminal, IPC_7351 nominal, (Body size source: http://www.tortai-tech.com/upload/download/2011102023233369053.pdf), generated with kicad-footprint-generator")
    (tags capacitor)
    (path /5E4C0517)
    (attr smd)
    (fp_text reference C8 (at 0 1.43) (layer B.SilkS) hide
      (effects (font (size 1 1) (thickness 0.15)) (justify mirror))
    )
    (fp_text value 0.1u (at 0 -1.43) (layer B.SilkS)
      (effects (font (size 0.8 0.8) (thickness 0.15)) (justify mirror))
    )
    (fp_line (start -0.8 -0.4) (end -0.8 0.4) (layer B.Fab) (width 0.1))
    (fp_line (start -0.8 0.4) (end 0.8 0.4) (layer B.Fab) (width 0.1))
    (fp_line (start 0.8 0.4) (end 0.8 -0.4) (layer B.Fab) (width 0.1))
    (fp_line (start 0.8 -0.4) (end -0.8 -0.4) (layer B.Fab) (width 0.1))
    (fp_line (start -0.162779 0.51) (end 0.162779 0.51) (layer B.SilkS) (width 0.12))
    (fp_line (start -0.162779 -0.51) (end 0.162779 -0.51) (layer B.SilkS) (width 0.12))
    (fp_line (start -1.48 -0.73) (end -1.48 0.73) (layer B.CrtYd) (width 0.05))
    (fp_line (start -1.48 0.73) (end 1.48 0.73) (layer B.CrtYd) (width 0.05))
    (fp_line (start 1.48 0.73) (end 1.48 -0.73) (layer B.CrtYd) (width 0.05))
    (fp_line (start 1.48 -0.73) (end -1.48 -0.73) (layer B.CrtYd) (width 0.05))
    (fp_text user %R (at 0 0) (layer B.Fab)
      (effects (font (size 0.4 0.4) (thickness 0.06)) (justify mirror))
    )
    (pad 1 smd roundrect (at -0.7875 0 180) (size 0.875 0.95) (layers B.Cu B.Paste B.Mask) (roundrect_rratio 0.25)
      (net 7 "Net-(C8-Pad1)"))
    (pad 2 smd roundrect (at 0.7875 0 180) (size 0.875 0.95) (layers B.Cu B.Paste B.Mask) (roundrect_rratio 0.25)
      (net 8 "Net-(C8-Pad2)"))
    (model ${KISYS3DMOD}/Capacitor_SMD.3dshapes/C_0603_1608Metric.wrl
      (at (xyz 0 0 0))
      (scale (xyz 1 1 1))
      (rotate (xyz 0 0 0))
    )
  )

  (module Capacitor_SMD:C_0603_1608Metric (layer B.Cu) (tedit 5B301BBE) (tstamp 5E4AC1B6)
    (at 197.55 102.35 135)
    (descr "Capacitor SMD 0603 (1608 Metric), square (rectangular) end terminal, IPC_7351 nominal, (Body size source: http://www.tortai-tech.com/upload/download/2011102023233369053.pdf), generated with kicad-footprint-generator")
    (tags capacitor)
    (path /5E4482A7)
    (attr smd)
    (fp_text reference C11 (at 0 1.43 315) (layer B.SilkS) hide
      (effects (font (size 1 1) (thickness 0.15)) (justify mirror))
    )
    (fp_text value 0.1u (at 0 -1.202082 315) (layer B.SilkS)
      (effects (font (size 0.8 0.8) (thickness 0.15)) (justify mirror))
    )
    (fp_text user %R (at 0 0 315) (layer B.Fab)
      (effects (font (size 0.4 0.4) (thickness 0.06)) (justify mirror))
    )
    (fp_line (start 1.48 -0.73) (end -1.48 -0.73) (layer B.CrtYd) (width 0.05))
    (fp_line (start 1.48 0.73) (end 1.48 -0.73) (layer B.CrtYd) (width 0.05))
    (fp_line (start -1.48 0.73) (end 1.48 0.73) (layer B.CrtYd) (width 0.05))
    (fp_line (start -1.48 -0.73) (end -1.48 0.73) (layer B.CrtYd) (width 0.05))
    (fp_line (start -0.162779 -0.51) (end 0.162779 -0.51) (layer B.SilkS) (width 0.12))
    (fp_line (start -0.162779 0.51) (end 0.162779 0.51) (layer B.SilkS) (width 0.12))
    (fp_line (start 0.8 -0.4) (end -0.8 -0.4) (layer B.Fab) (width 0.1))
    (fp_line (start 0.8 0.4) (end 0.8 -0.4) (layer B.Fab) (width 0.1))
    (fp_line (start -0.8 0.4) (end 0.8 0.4) (layer B.Fab) (width 0.1))
    (fp_line (start -0.8 -0.4) (end -0.8 0.4) (layer B.Fab) (width 0.1))
    (pad 2 smd roundrect (at 0.7875 0 135) (size 0.875 0.95) (layers B.Cu B.Paste B.Mask) (roundrect_rratio 0.25)
      (net 109 GNDPWR))
    (pad 1 smd roundrect (at -0.7875 0 135) (size 0.875 0.95) (layers B.Cu B.Paste B.Mask) (roundrect_rratio 0.25)
      (net 27 +3.3VP))
    (model ${KISYS3DMOD}/Capacitor_SMD.3dshapes/C_0603_1608Metric.wrl
      (at (xyz 0 0 0))
      (scale (xyz 1 1 1))
      (rotate (xyz 0 0 0))
    )
  )

  (module Capacitor_SMD:C_0805_2012Metric (layer B.Cu) (tedit 5B36C52B) (tstamp 5E4AC1C7)
    (at 228.35 94.35 270)
    (descr "Capacitor SMD 0805 (2012 Metric), square (rectangular) end terminal, IPC_7351 nominal, (Body size source: https://docs.google.com/spreadsheets/d/1BsfQQcO9C6DZCsRaXUlFlo91Tg2WpOkGARC1WS5S8t0/edit?usp=sharing), generated with kicad-footprint-generator")
    (tags capacitor)
    (path /5E4B45DD)
    (attr smd)
    (fp_text reference C12 (at 0 1.65 90) (layer B.SilkS) hide
      (effects (font (size 1 1) (thickness 0.15)) (justify mirror))
    )
    (fp_text value 4.7u (at 2.9 0 90) (layer B.SilkS)
      (effects (font (size 0.8 0.8) (thickness 0.15)) (justify mirror))
    )
    (fp_text user %R (at 0 0 90) (layer B.Fab)
      (effects (font (size 0.5 0.5) (thickness 0.08)) (justify mirror))
    )
    (fp_line (start 1.68 -0.95) (end -1.68 -0.95) (layer B.CrtYd) (width 0.05))
    (fp_line (start 1.68 0.95) (end 1.68 -0.95) (layer B.CrtYd) (width 0.05))
    (fp_line (start -1.68 0.95) (end 1.68 0.95) (layer B.CrtYd) (width 0.05))
    (fp_line (start -1.68 -0.95) (end -1.68 0.95) (layer B.CrtYd) (width 0.05))
    (fp_line (start -0.258578 -0.71) (end 0.258578 -0.71) (layer B.SilkS) (width 0.12))
    (fp_line (start -0.258578 0.71) (end 0.258578 0.71) (layer B.SilkS) (width 0.12))
    (fp_line (start 1 -0.6) (end -1 -0.6) (layer B.Fab) (width 0.1))
    (fp_line (start 1 0.6) (end 1 -0.6) (layer B.Fab) (width 0.1))
    (fp_line (start -1 0.6) (end 1 0.6) (layer B.Fab) (width 0.1))
    (fp_line (start -1 -0.6) (end -1 0.6) (layer B.Fab) (width 0.1))
    (pad 2 smd roundrect (at 0.9375 0 270) (size 0.975 1.4) (layers B.Cu B.Paste B.Mask) (roundrect_rratio 0.25)
      (net 109 GNDPWR))
    (pad 1 smd roundrect (at -0.9375 0 270) (size 0.975 1.4) (layers B.Cu B.Paste B.Mask) (roundrect_rratio 0.25)
      (net 79 +12P))
    (model ${KISYS3DMOD}/Capacitor_SMD.3dshapes/C_0805_2012Metric.wrl
      (at (xyz 0 0 0))
      (scale (xyz 1 1 1))
      (rotate (xyz 0 0 0))
    )
  )

  (module Capacitor_SMD:C_0603_1608Metric (layer B.Cu) (tedit 5B301BBE) (tstamp 5E4AC1D8)
    (at 202.05 107.85 225)
    (descr "Capacitor SMD 0603 (1608 Metric), square (rectangular) end terminal, IPC_7351 nominal, (Body size source: http://www.tortai-tech.com/upload/download/2011102023233369053.pdf), generated with kicad-footprint-generator")
    (tags capacitor)
    (path /5E44858A)
    (attr smd)
    (fp_text reference C13 (at 0 1.43 225) (layer B.SilkS) hide
      (effects (font (size 1 1) (thickness 0.15)) (justify mirror))
    )
    (fp_text value 1u (at 0 -1.131371 225) (layer B.SilkS)
      (effects (font (size 0.8 0.8) (thickness 0.15)) (justify mirror))
    )
    (fp_text user %R (at 0 0 225) (layer B.Fab)
      (effects (font (size 0.4 0.4) (thickness 0.06)) (justify mirror))
    )
    (fp_line (start 1.48 -0.73) (end -1.48 -0.73) (layer B.CrtYd) (width 0.05))
    (fp_line (start 1.48 0.73) (end 1.48 -0.73) (layer B.CrtYd) (width 0.05))
    (fp_line (start -1.48 0.73) (end 1.48 0.73) (layer B.CrtYd) (width 0.05))
